94.86126899719238
115.30804634094238
98.76799583435059
103.49488258361816
105.53836822509766
106.65750503540039
108.6881160736084
98.17147254943848
108.84952545166016
106.78315162658691
99.63536262512207
107.41496086120605
99.77149963378906
93.9478874206543
96.34733200073242
103.41858863830566
99.3661880493164
107.6514720916748
98.78349304199219
93.06836128234863
97.01251983642578
98.6030101776123
98.97089004516602
108.43539237976074
104.43687438964844
114.09115791320801
97.26786613464355
115.04197120666504
113.65008354187012
115.41080474853516
98.07920455932617
96.18353843688965
92.8199291229248
110.62049865722656
97.74422645568848
89.5845890045166
107.06448554992676
96.7566967010498
103.76763343811035
103.42216491699219
103.54804992675781
104.23445701599121
100.10194778442383
96.7552661895752
103.19972038269043
97.69678115844727
94.62523460388184
98.08683395385742
94.68436241149902
104.98189926147461
88.88101577758789
109.7712516784668
96.52543067932129
99.24840927124023
119.23527717590332
97.1066951751709
99.42245483398438
99.32637214660645
112.38527297973633
111.12141609191895
103.30390930175781
86.9908332824707
111.83881759643555
104.20393943786621
98.32644462585449
88.78040313720703
111.32073402404785
90.74878692626953
106.1258316040039
104.30002212524414
112.71119117736816
105.75675964355469
96.1000919342041
100.13246536254883
115.18096923828125
110.54372787475586
104.3088436126709
105.32999038696289
98.44422340393066
88.74750137329102
96.5886116027832
105.08346557617188
98.13570976257324
88.09804916381836
106.83941841125488
91.19963645935059
107.03277587890625
103.13296318054199
103.38258743286133
108.86406898498535
96.17042541503906
95.85094451904297
94.6345329284668
101.39703750610352
116.62483215332031
100.51107406616211
91.14575386047363
96.99416160583496
100.64554214477539
101.94754600524902
95.5500602722168
105.99684715270996
100.59738159179688
122.62678146362305
102.51641273498535
87.42427825927734
99.53498840332031
101.88984870910645
99.81060028076172
88.42039108276367
86.4095687866211
91.18866920471191
97.96547889709473
91.37296676635742
99.30539131164551
104.42757606506348
103.92284393310547
111.29546165466309
114.13097381591797
99.88021850585938
103.37471961975098
104.40683364868164
114.29905891418457
89.02144432067871
99.51257705688477
107.93423652648926
90.49701690673828
97.31793403625488
107.62858390808105
112.8695011138916
85.96134185791016
91.20821952819824
97.93829917907715
97.90658950805664
94.32816505432129
111.73009872436523
105.89861869812012
110.83006858825684
109.45892333984375
95.11995315551758
101.38559341430664
100.01969337463379
98.6173152923584
99.30849075317383
92.73409843444824
94.42305564880371
97.15604782104492
99.79462623596191
114.29476737976074
102.33712196350098
91.35174751281738
108.16550254821777
96.44961357116699
105.44633865356445
101.41944885253906
109.38382148742676
99.44748878479004
91.15958213806152
82.04126358032227
105.46469688415527
101.82929039001465
104.7060489654541
93.95480155944824
101.00769996643066
97.31149673461914
104.35843467712402
103.2869815826416
114.19844627380371
111.32264137268066
107.03754425048828
96.78292274475098
112.01167106628418
99.36690330505371
97.52988815307617
100.48723220825195
110.14986038208008
99.49064254760742
104.97355461120605
97.08333015441895
99.43342208862305
108.36195945739746
117.05493927001953
89.65635299682617
102.9818058013916
108.45756530761719
102.87117958068848
93.92595291137695
96.36783599853516
104.16984558105469
101.68886184692383
95.71027755737305
83.04929733276367
102.71716117858887
110.46028137207031
98.78015518188477
92.43988990783691
103.28817367553711
106.10079765319824
96.83704376220703
92.44942665100098
100.1436710357666
105.02004623413086
114.25161361694336
94.23422813415527
99.41673278808594
111.25802993774414
111.77802085876465
121.18840217590332
95.49379348754883
105.22103309631348
96.93646430969238
95.31688690185547
109.3907356262207
93.86801719665527
108.67524147033691
103.26671600341797
100.08621215820312
98.26135635375977
105.41868209838867
91.86697006225586
103.5768985748291
109.08651351928711
113.52729797363281
96.32444381713867
111.7403507232666
106.33206367492676
93.07384490966797
112.42556571960449
104.4759750366211
102.70476341247559
92.71764755249023
108.19745063781738
109.06791687011719
103.7447452545166
98.7555980682373
109.40432548522949
113.24644088745117
113.87205123901367
95.30234336853027
95.5197811126709
115.54288864135742
88.43469619750977
107.45358467102051
99.19095039367676
106.86135292053223
112.16402053833008
102.94079780578613
111.47928237915039
105.79323768615723
99.59244728088379
94.03109550476074
107.72848129272461
88.37151527404785
97.46026992797852
97.56636619567871
89.72764015197754
109.19380187988281
100.60548782348633
90.32034873962402
106.10723495483398
112.01047897338867
109.33542251586914
93.07622909545898
110.55445671081543
110.99505424499512
103.18970680236816
105.0570011138916
95.05915641784668
115.93484878540039
108.89601707458496
98.21534156799316
103.08837890625
94.40374374389648
105.0114631652832
107.95211791992188
104.71057891845703
95.6723690032959
112.3807430267334
98.80590438842773
105.99327087402344
109.9395751953125
106.99224472045898
107.7883243560791
88.83500099182129
99.99656677246094
98.01721572875977
110.42284965515137
98.56557846069336
98.04439544677734
84.81884002685547
96.54831886291504
99.22623634338379
106.07028007507324
89.4918441772461
95.83759307861328
83.21332931518555
106.96935653686523
102.71906852722168
92.96274185180664
104.05564308166504
88.27328681945801
99.40743446350098
113.77096176147461
89.0042781829834
89.78724479675293
96.74072265625
112.03241348266602
98.73604774475098
101.41682624816895
98.30021858215332
108.3366870880127
108.20484161376953
101.91869735717773
102.2939682006836
116.4402961730957
107.40947723388672
101.22895240783691
105.02409934997559
103.53350639343262
105.5765151977539
110.83507537841797
102.34522819519043
107.7120304107666
105.83901405334473
91.40348434448242
85.17050743103027
90.95644950866699
91.08304977416992
112.27059364318848
100.56519508361816
110.30340194702148
95.91794013977051
97.6266860961914
98.76418113708496
110.83245277404785
112.45012283325195
105.21149635314941
101.69196128845215
115.37456512451172
105.47804832458496
110.01038551330566
91.8276309967041
96.72999382019043
102.24342346191406
99.07960891723633
102.45347023010254
89.86067771911621
103.02400588989258
96.94719314575195
108.07633399963379
113.74902725219727
101.33481025695801
113.39521408081055
109.54165458679199
100.75044631958008
104.5680046081543
92.69571304321289
108.33287239074707
104.22468185424805
94.5591926574707
105.74507713317871
110.9311580657959
108.39533805847168
91.87102317810059
95.62921524047852
107.18488693237305
97.24998474121094
104.1409969329834
97.95832633972168
95.87907791137695
91.8424129486084
92.87023544311523
100.55112838745117
107.79023170471191
103.52253913879395
101.79376602172852
102.61130332946777
99.47323799133301
96.73929214477539
106.08315467834473
85.16240119934082
111.83547973632812
104.25615310668945
104.11930084228516
98.21844100952148
105.40437698364258
104.93969917297363
104.59494590759277
97.59211540222168
110.93735694885254
110.88442802429199
96.23193740844727
105.61156272888184
101.64165496826172
92.29397773742676
102.11706161499023
114.54439163208008
89.57028388977051
97.44620323181152
104.1727066040039
99.63083267211914
91.79091453552246
103.5764217376709
108.94489288330078
89.44582939147949
99.06172752380371
103.30462455749512
96.95553779602051
103.91616821289062
91.44473075866699
101.56583786010742
102.2639274597168
103.15299034118652
92.91529655456543
108.86025428771973
103.6839485168457
98.77943992614746
103.29818725585938
89.68639373779297
100.20208358764648
93.5361385345459
98.31118583679199
95.69287300109863
106.12940788269043
102.2806167602539
104.09355163574219
102.6906967163086
105.41677474975586
102.25367546081543
86.08746528625488
104.41303253173828
92.95773506164551
98.3123779296875
93.84632110595703
99.61771965026855
102.2348403930664
102.71954536437988
105.49283027648926
103.26933860778809
103.08241844177246
100.82435607910156
86.7452621459961
111.0236644744873
92.54980087280273
110.3065013885498
106.45556449890137
92.39006042480469
102.40626335144043
112.94889450073242
106.78553581237793
109.46226119995117
109.48944091796875
100.22473335266113
104.01511192321777
95.05724906921387
106.58550262451172
106.87994956970215
102.51092910766602
100.85511207580566
111.95039749145508
96.64440155029297
96.9393253326416
103.8198471069336
91.28856658935547
96.67062759399414
97.32961654663086
97.36204147338867
95.92556953430176
100.53753852844238
93.40119361877441
100.85654258728027
95.29280662536621
100.58021545410156
99.75862503051758
99.95341300964355
104.21085357666016
86.08865737915039
93.03498268127441
97.320556640625
108.14642906188965
104.69436645507812
93.19400787353516
96.59600257873535
114.99238014221191
105.66473007202148
106.49347305297852
91.62187576293945
100.41213035583496
100.95572471618652
101.01866722106934
103.66177558898926
97.24044799804688
99.72548484802246
96.58980369567871
106.37521743774414
111.31739616394043
100.12984275817871
107.7280044555664
108.00838470458984
105.7436466217041
101.57513618469238
98.72937202453613
97.73683547973633
102.81085968017578
111.78088188171387
103.18326950073242
100.40140151977539
95.41797637939453
106.9800853729248
103.88898849487305
103.99556159973145
97.20802307128906
103.6829948425293
109.10367965698242
102.27704048156738
98.88982772827148
90.67559242248535
94.50483322143555
93.22071075439453
94.6652889251709
95.44229507446289
105.32641410827637
97.49984741210938
100.63409805297852
104.62069511413574
106.21023178100586
97.58305549621582
100.89278221130371
90.44504165649414
89.48945999145508
102.92887687683105
95.02530097961426
92.53048896789551
99.37095642089844
106.70256614685059
98.01673889160156
97.9773998260498
101.36675834655762
98.89650344848633
92.21529960632324
89.33544158935547
110.92567443847656
106.55784606933594
90.76452255249023
97.52869606018066
98.18291664123535
109.41839218139648
97.94998168945312
107.46121406555176
102.06747055053711
100.2500057220459
104.9196720123291
99.87854957580566
106.95767402648926
95.01934051513672
97.64885902404785
100.27718544006348
103.87969017028809
107.14912414550781
98.08850288391113
99.4882583618164
88.49072456359863
99.72357749938965
100.15630722045898
99.57385063171387
106.26673698425293
104.74348068237305
98.22368621826172
100.89278221130371
101.72247886657715
103.89089584350586
109.29441452026367
99.19071197509766
103.68204116821289
98.21891784667969
106.51898384094238
110.17274856567383
101.9892692565918
80.50251007080078
97.90253639221191
111.68575286865234
107.54036903381348
96.33588790893555
101.8059253692627
97.71585464477539
101.3021469116211
103.64341735839844
85.16049385070801
105.06916046142578
105.2858829498291
87.00990676879883
92.14425086975098
82.30090141296387
98.79946708679199
102.36454010009766
108.12973976135254
86.92264556884766
103.77192497253418
93.90139579772949
96.99106216430664
99.6701717376709
93.71161460876465
101.21965408325195
94.36297416687012
97.44954109191895
86.97652816772461
100.57187080383301
94.78116035461426
88.97137641906738
95.70717811584473
101.44329071044922
102.44417190551758
89.04409408569336
101.11761093139648
110.89158058166504
95.72124481201172
99.23720359802246
100.68297386169434
99.01571273803711
100.91090202331543
102.29945182800293
95.66903114318848
106.78768157958984
99.20716285705566
98.32572937011719
99.51901435852051
109.3893051147461
89.00117874145508
105.79133033752441
88.78183364868164
95.77560424804688
94.03395652770996
100.85487365722656
109.18235778808594
94.33770179748535
98.8776683807373
95.67499160766602
100.53610801696777
98.37985038757324
102.79464721679688
119.35901641845703
91.71628952026367
96.31848335266113
102.39720344543457
102.80251502990723
89.00189399719238
93.67942810058594
99.92814064025879
97.60594367980957
95.00575065612793
108.19292068481445
91.07518196105957
110.83149909973145
92.81325340270996
103.83749008178711
93.9185619354248
100.51298141479492
105.06129264831543
104.0961742401123
104.10141944885254
119.52900886535645
99.00403022766113
114.71390724182129
90.23475646972656
103.02615165710449
94.21205520629883
96.04406356811523
101.66549682617188
90.8665657043457
91.05515480041504
108.29019546508789
98.6025333404541
104.10904884338379
100.78763961791992
102.60128974914551
95.99494934082031
108.97636413574219
110.2895736694336
103.83987426757812
91.97783470153809
108.5507869720459
101.5474796295166
97.6111888885498
92.25893020629883
87.27002143859863
93.25957298278809
106.83655738830566
105.7579517364502
106.61149024963379
93.20807456970215
111.6945743560791
97.43762016296387
92.35501289367676
107.58566856384277
98.9687442779541
101.87435150146484
107.35774040222168
109.22074317932129
94.3152904510498
85.65592765808105
114.21608924865723
94.32625770568848
107.12432861328125
105.0417423248291
96.19021415710449
104.01701927185059
110.50248146057129
105.16619682312012
100.18801689147949
106.2326431274414
107.9869270324707
102.14734077453613
93.82891654968262
111.63616180419922
99.84540939331055
107.98335075378418
93.51396560668945
103.32322120666504
88.24396133422852
106.02426528930664
112.5936508178711
94.53320503234863
101.71699523925781
114.52507972717285
93.72258186340332
95.86405754089355
105.1187515258789
101.53913497924805
92.5893783569336
111.68837547302246
109.9386215209961
108.44063758850098
99.45154190063477
100.84033012390137
100.86798667907715
115.25273323059082
93.2302474975586
96.19855880737305
85.27636528015137
110.6874942779541
97.1369743347168
97.01013565063477
107.38396644592285
107.86771774291992
88.40775489807129
123.07024002075195
92.58413314819336
97.38826751708984
92.81015396118164
114.2430305480957
100.20661354064941
95.00575065612793
94.54107284545898
100.84199905395508
106.08720779418945
84.95497703552246
102.15997695922852
110.85915565490723
103.53779792785645
90.12007713317871
104.95424270629883
104.33006286621094
99.37238693237305
101.34291648864746
95.3822135925293
98.92416000366211
100.53348541259766
100.66628456115723
110.86249351501465
123.19755554199219
108.18362236022949
112.0295524597168
100.57687759399414
94.56324577331543
96.86565399169922
84.56969261169434
101.73749923706055
100.15368461608887
114.09878730773926
93.08052062988281
123.8563060760498
104.9339771270752
89.77603912353516
100.97098350524902
85.18385887145996
107.74397850036621
109.53235626220703
99.87711906433105
109.26246643066406
107.24210739135742
103.8515567779541
94.24042701721191
101.16267204284668
96.31586074829102
100.00467300415039
107.78450965881348
90.01827239990234
98.89054298400879
94.26736831665039
109.24363136291504
89.7057056427002
103.39474678039551
105.84282875061035
110.81552505493164
92.50855445861816
106.34589195251465
108.03890228271484
97.30982780456543
98.56104850769043
100.15463829040527
109.29203033447266
104.7508716583252
96.76289558410645
102.65779495239258
89.48874473571777
99.5478630065918
112.02764511108398
103.96361351013184
96.38524055480957
98.32429885864258
100.92425346374512
91.37988090515137
106.09078407287598
102.22172737121582
117.48623847961426
102.21314430236816
102.55169868469238
101.91488265991211
111.21582984924316
100.6765365600586
113.7537956237793
97.41425514221191
102.63872146606445
94.04921531677246
89.86425399780273
93.62173080444336
107.10573196411133
107.36417770385742
106.54640197753906
98.69885444641113
109.56692695617676
94.50364112854004
121.20270729064941
96.42267227172852
105.30710220336914
110.19015312194824
107.19871520996094
111.88220977783203
110.17870903015137
94.96188163757324
91.17960929870605
97.85628318786621
105.14402389526367
111.50789260864258
104.5997142791748
99.37334060668945
105.73005676269531
100.91805458068848
92.57698059082031
105.31806945800781
99.17879104614258
92.30756759643555
97.49579429626465
96.9858169555664
89.3409252166748
112.11991310119629
94.33460235595703
93.87040138244629
106.0342788696289
108.26253890991211
93.29843521118164
96.76074981689453
92.7438735961914
99.74408149719238
99.4417667388916
101.96137428283691
105.29017448425293
101.87053680419922
96.91429138183594
88.87410163879395
98.4044075012207
95.08562088012695
96.88353538513184
106.5680980682373
99.79987144470215
105.377197265625
110.14986038208008
109.07649993896484
108.52718353271484
113.8911247253418
100.2206802368164
97.42856025695801
96.2212085723877
102.92410850524902
104.48408126831055
91.62211418151855
111.59896850585938
96.28510475158691
113.81006240844727
103.11150550842285
104.08473014831543
100.31676292419434
102.53691673278809
98.15549850463867
105.8197021484375
105.02862930297852
99.71380233764648
92.80776977539062
104.3400764465332
100.66699981689453
99.44796562194824
106.61578178405762
98.52027893066406
94.86007690429688
106.37068748474121
95.9022045135498
89.71619606018066
114.65716361999512
93.04046630859375
86.39860153198242
102.4174690246582
101.50337219238281
96.81367874145508
111.85526847839355
102.93078422546387
109.6808910369873
104.0489673614502
107.4361801147461
102.72526741027832
91.80879592895508
101.12929344177246
109.41362380981445
114.17651176452637
93.65129470825195
104.95519638061523
100.08645057678223
98.6027717590332
109.33279991149902
99.0297794342041
100.06928443908691
104.27212715148926
101.64046287536621
98.55055809020996
102.13899612426758
103.29651832580566
97.12553024291992
100.5709171295166
107.16533660888672
111.80663108825684
97.88179397583008
106.08267784118652
87.56136894226074
105.8187484741211
120.15771865844727
86.63558959960938
106.63104057312012
107.41925239562988
113.55376243591309
92.23270416259766
103.13034057617188
95.39365768432617
98.0527400970459
105.4680347442627
98.90365600585938
101.40776634216309
93.71089935302734
106.10771179199219
110.20016670227051
95.77369689941406
101.29714012145996
95.9463119506836
99.15494918823242
88.11473846435547
117.14029312133789
103.99770736694336
95.11280059814453
112.37001419067383
102.7061939239502
99.2133617401123
100.6479263305664
103.97005081176758
90.69490432739258
94.1469669342041
100.24595260620117
102.29730606079102
98.68335723876953
89.97917175292969
90.7900333404541
90.67773818969727
109.22455787658691
95.41678428649902
101.7911434173584
108.8263988494873
101.19318962097168
102.82015800476074
90.3635025024414
92.37957000732422
105.78370094299316
92.96035766601562
103.09338569641113
