34.59882736206055
39.24703598022461
43.88284683227539
32.14120864868164
33.48255157470703
38.33580017089844
42.27614402770996
45.81165313720703
43.66421699523926
42.35100746154785
45.24660110473633
37.66894340515137
33.73146057128906
48.340559005737305
35.77613830566406
46.277523040771484
36.536455154418945
43.218374252319336
40.30561447143555
48.86436462402344
41.814565658569336
48.767805099487305
40.609121322631836
36.1781120300293
48.125505447387695
31.746864318847656
44.70682144165039
43.83563995361328
40.04263877868652
36.94915771484375
36.53860092163086
37.552833557128906
33.80703926086426
30.55119514465332
48.77591133117676
42.11306571960449
39.42251205444336
41.37468338012695
36.032915115356445
49.2100715637207
35.5985164642334
58.046817779541016
45.32313346862793
47.318458557128906
45.40085792541504
37.11199760437012
40.32254219055176
39.97993469238281
41.6412353515625
42.588233947753906
42.154550552368164
31.87251091003418
40.017127990722656
38.86723518371582
49.48711395263672
41.94307327270508
43.614864349365234
43.398141860961914
40.22216796875
35.305023193359375
41.29958152770996
51.08904838562012
37.38737106323242
34.013986587524414
36.59176826477051
34.94548797607422
33.55240821838379
28.157711029052734
39.60704803466797
48.5382080078125
37.428855895996094
34.576416015625
41.82887077331543
41.40973091125488
38.37990760803223
33.754825592041016
49.35765266418457
36.15283966064453
42.763471603393555
44.55065727233887
46.121835708618164
50.09198188781738
38.87581825256348
49.17764663696289
38.44404220581055
47.994136810302734
44.878482818603516
47.4550724029541
31.766891479492188
36.08369827270508
50.63629150390625
41.24283790588379
35.63356399536133
42.85025596618652
33.88476371765137
52.079200744628906
38.9094352722168
41.85986518859863
35.79139709472656
45.47715187072754
46.23246192932129
32.172441482543945
30.962467193603516
38.83075714111328
40.28892517089844
46.176910400390625
38.175106048583984
39.62278366088867
52.24895477294922
49.37124252319336
34.293174743652344
50.80914497375488
27.437448501586914
36.327362060546875
39.13521766662598
45.71795463562012
30.735254287719727
51.764488220214844
48.796892166137695
26.75032615661621
43.416738510131836
40.930747985839844
55.030107498168945
39.7801399230957
36.18669509887695
41.54181480407715
47.368526458740234
48.32267761230469
33.94961357116699
34.148454666137695
44.52705383300781
38.068294525146484
43.07985305786133
38.788795471191406
46.65350914001465
45.17006874084473
41.96310043334961
42.11997985839844
40.07101058959961
38.38300704956055
42.548418045043945
52.62184143066406
44.98171806335449
31.264543533325195
47.21856117248535
36.09585762023926
44.435739517211914
45.19295692443848
34.186363220214844
36.934852600097656
30.30252456665039
42.97518730163574
46.32830619812012
45.130014419555664
51.366567611694336
35.91179847717285
43.33305358886719
46.65517807006836
36.14187240600586
38.92993927001953
46.314239501953125
34.26980972290039
46.346187591552734
40.3599739074707
27.139902114868164
38.07187080383301
30.23242950439453
32.59778022766113
27.434349060058594
48.7523078918457
34.11078453063965
28.573989868164062
50.515174865722656
45.578718185424805
35.87603569030762
35.449981689453125
30.2426815032959
40.18521308898926
49.358367919921875
36.821842193603516
58.38513374328613
40.80772399902344
46.323299407958984
56.102752685546875
35.18342971801758
41.99099540710449
38.99335861206055
38.851022720336914
53.32303047180176
51.15461349487305
36.063432693481445
46.0207462310791
24.570465087890625
25.244712829589844
52.204132080078125
41.46742820739746
35.86983680725098
34.235239028930664
55.397748947143555
27.20499038696289
56.35857582092285
39.72673416137695
42.95492172241211
36.70859336853027
37.915706634521484
41.35251045227051
49.91340637207031
47.35112190246582
31.398773193359375
36.05198860168457
36.93652153015137
36.96560859680176
30.841588973999023
48.70128631591797
45.78232765197754
41.99695587158203
42.51432418823242
36.18359565734863
45.79567909240723
51.36609077453613
43.988704681396484
30.809879302978516
48.36606979370117
43.40529441833496
37.5216007232666
33.40744972229004
52.851200103759766
44.214487075805664
18.043041229248047
38.361310958862305
51.836490631103516
51.3765811920166
35.906076431274414
44.42787170410156
43.82157325744629
37.18900680541992
44.957637786865234
46.92244529724121
38.54250907897949
41.8243408203125
61.53082847595215
46.02456092834473
40.95602035522461
34.20686721801758
43.984413146972656
36.94438934326172
45.71390151977539
38.85078430175781
29.626131057739258
36.40937805175781
33.7677001953125
41.521310806274414
49.364566802978516
43.43843460083008
38.56062889099121
56.14280700683594
39.23487663269043
47.341346740722656
47.766923904418945
43.512582778930664
43.09511184692383
44.060468673706055
37.398576736450195
32.501220703125
37.637948989868164
22.852659225463867
27.703523635864258
30.70545196533203
30.88545799255371
45.52960395812988
38.00344467163086
37.34421730041504
43.62893104553223
42.90652275085449
36.78584098815918
55.989980697631836
37.792205810546875
46.37575149536133
49.07798767089844
33.32829475402832
60.166358947753906
44.721126556396484
31.690597534179688
28.556108474731445
42.71817207336426
32.94825553894043
37.25242614746094
35.15481948852539
42.4351692199707
40.89856147766113
35.402536392211914
44.57497596740723
34.38544273376465
39.61682319641113
39.74151611328125
47.61934280395508
40.43912887573242
51.41425132751465
45.824289321899414
40.16399383544922
42.131662368774414
37.45293617248535
26.77750587463379
40.784358978271484
45.427560806274414
48.53034019470215
31.389474868774414
46.13995552062988
35.78901290893555
51.2697696685791
43.31660270690918
44.61860656738281
51.73325538635254
20.495176315307617
31.931161880493164
32.86623954772949
43.23601722717285
42.7706241607666
33.835649490356445
45.67718505859375
49.5297908782959
44.92783546447754
54.634809494018555
30.5328369140625
34.929752349853516
43.733835220336914
38.861989974975586
46.376943588256836
46.13327980041504
45.84860801696777
41.005611419677734
31.02850914001465
47.64819145202637
45.28641700744629
25.605201721191406
26.578903198242188
51.06019973754883
42.635202407836914
52.306413650512695
49.87144470214844
42.420148849487305
43.056488037109375
31.482458114624023
50.79078674316406
30.439138412475586
33.460378646850586
30.65800666809082
42.12546348571777
34.3778133392334
50.626277923583984
53.574562072753906
51.40352249145508
35.379886627197266
29.170513153076172
37.66369819641113
42.20414161682129
49.92961883544922
31.760692596435547
60.17494201660156
40.48442840576172
44.59500312805176
24.268627166748047
35.524606704711914
41.69940948486328
25.836467742919922
50.29439926147461
41.74971580505371
38.869380950927734
38.74087333679199
41.26739501953125
50.66633224487305
27.820825576782227
39.20388221740723
41.81337356567383
50.165414810180664
41.31317138671875
45.88580131530762
34.84702110290527
27.80461311340332
39.070844650268555
42.77634620666504
31.95476531982422
39.64805603027344
28.288841247558594
41.284799575805664
47.85966873168945
39.35718536376953
53.877830505371094
44.62289810180664
44.34800148010254
47.92308807373047
38.91730308532715
26.567697525024414
24.342060089111328
38.61546516418457
36.70907020568848
51.709651947021484
41.51511192321777
49.161434173583984
41.6560173034668
43.51949691772461
29.15024757385254
42.23752021789551
43.1818962097168
42.28329658508301
45.975446701049805
52.84762382507324
39.417266845703125
46.76318168640137
38.44499588012695
33.529043197631836
47.39713668823242
47.127485275268555
44.196367263793945
31.980276107788086
40.40861129760742
27.93097496032715
43.75267028808594
35.23612022399902
47.112226486206055
35.086631774902344
42.25873947143555
32.61756896972656
19.550323486328125
40.91501235961914
35.069942474365234
45.0594425201416
44.34800148010254
35.680294036865234
48.35939407348633
37.06479072570801
39.38102722167969
41.1839485168457
37.26506233215332
32.247304916381836
42.18769073486328
48.98858070373535
46.84019088745117
41.84675216674805
36.62824630737305
35.08639335632324
41.013479232788086
48.24948310852051
29.9680233001709
29.212236404418945
34.34610366821289
43.40624809265137
52.121877670288086
36.858558654785156
30.08556365966797
46.0202693939209
49.225807189941406
16.81971549987793
41.316986083984375
39.27731513977051
41.67366027832031
38.286447525024414
27.97842025756836
37.516117095947266
34.81006622314453
35.544395446777344
43.81537437438965
41.67532920837402
50.61054229736328
47.46651649475098
48.792362213134766
41.018009185791016
48.427581787109375
44.791221618652344
43.44534873962402
33.011436462402344
38.9246940612793
38.053035736083984
32.3636531829834
38.14959526062012
9.145736694335938
39.786577224731445
38.71512413024902
50.01115798950195
38.92159461975098
42.38152503967285
43.65205764770508
31.7537784576416
52.93631553649902
35.002946853637695
39.61992263793945
54.5651912689209
23.101806640625
42.189598083496094
40.05312919616699
39.060115814208984
52.14667320251465
31.940460205078125
32.056331634521484
46.23818397521973
41.32390022277832
41.713714599609375
28.3050537109375
37.41788864135742
48.13218116760254
32.47356414794922
36.087751388549805
40.51375389099121
54.521799087524414
47.99199104309082
49.431562423706055
52.442312240600586
56.63156509399414
48.56276512145996
43.11990737915039
47.944068908691406
52.56009101867676
44.6164608001709
34.22141075134277
38.47026824951172
43.27034950256348
51.19609832763672
30.424833297729492
46.16212844848633
35.724639892578125
39.20769691467285
40.97867012023926
24.427175521850586
33.8284969329834
50.20308494567871
41.756391525268555
51.566123962402344
40.871381759643555
51.38516426086426
35.46595573425293
26.46350860595703
42.906761169433594
42.792558670043945
38.86747360229492
44.42596435546875
33.35237503051758
48.82240295410156
46.84877395629883
48.73824119567871
55.28450012207031
44.805288314819336
44.72541809082031
42.02413558959961
49.35956001281738
44.84200477600098
29.178142547607422
49.78060722351074
49.60179328918457
45.26782035827637
32.01484680175781
29.836416244506836
27.13179588317871
48.134803771972656
38.07973861694336
48.17700386047363
33.74600410461426
32.679080963134766
44.374942779541016
34.42692756652832
39.847612380981445
46.42200469970703
46.739816665649414
28.870344161987305
38.971900939941406
42.702674865722656
33.045291900634766
39.86215591430664
47.54447937011719
38.99884223937988
44.44456100463867
37.95123100280762
37.09125518798828
45.5474853515625
31.99315071105957
43.08772087097168
46.949148178100586
38.95282745361328
59.16166305541992
32.23109245300293
36.252737045288086
40.879249572753906
42.298316955566406
28.84697914123535
44.56806182861328
46.37885093688965
42.427778244018555
45.99714279174805
41.98265075683594
45.67432403564453
35.39848327636719
38.15722465515137
39.84427452087402
32.994747161865234
46.09370231628418
24.64580535888672
30.81226348876953
40.45224189758301
44.55232620239258
38.901329040527344
36.03243827819824
39.95227813720703
41.65816307067871
38.53273391723633
53.59935760498047
39.81900215148926
43.66016387939453
37.0180606842041
40.35615921020508
39.41202163696289
23.61750602722168
54.108619689941406
45.43495178222656
43.69091987609863
37.57882118225098
37.76693344116211
45.51267623901367
34.04521942138672
44.21877861022949
34.43002700805664
40.77434539794922
41.15867614746094
34.30771827697754
41.9921875
43.82896423339844
42.94753074645996
46.140432357788086
39.14284706115723
47.15418815612793
41.13030433654785
35.73489189147949
42.8462028503418
39.94011878967285
35.83812713623047
36.74888610839844
43.93196105957031
34.235477447509766
52.46281623840332
33.173322677612305
37.42408752441406
54.84771728515625
59.735774993896484
42.35219955444336
41.265249252319336
44.07048225402832
32.58633613586426
52.904367446899414
45.0139045715332
23.047924041748047
45.63188552856445
43.01857948303223
44.48556900024414
41.7940616607666
33.93673896789551
47.17850685119629
56.09917640686035
42.7398681640625
38.12217712402344
48.78854751586914
50.55856704711914
50.518035888671875
35.31622886657715
53.057193756103516
39.264678955078125
43.71213912963867
47.83177375793457
34.314632415771484
42.00124740600586
39.962053298950195
36.45443916320801
47.13010787963867
38.495779037475586
45.11737823486328
34.56521034240723
41.413307189941406
42.0680046081543
40.75455665588379
37.39619255065918
29.81710433959961
33.818721771240234
37.622928619384766
39.708852767944336
54.90827560424805
36.12923622131348
32.98449516296387
45.59612274169922
37.552833557128906
51.807403564453125
42.81783103942871
36.57412528991699
32.57131576538086
42.28615760803223
41.16964340209961
24.199485778808594
39.608001708984375
39.334774017333984
35.3391170501709
23.518085479736328
40.8480167388916
37.27388381958008
36.92793846130371
42.54889488220215
41.50199890136719
44.41022872924805
40.433406829833984
53.076982498168945
44.31462287902832
47.539472579956055
35.10403633117676
34.021854400634766
38.32435607910156
30.503511428833008
53.24125289916992
27.315616607666016
38.45572471618652
44.626712799072266
45.20082473754883
41.27073287963867
48.614501953125
39.70193862915039
33.62393379211426
35.35723686218262
40.24553298950195
40.59743881225586
40.55452346801758
26.448488235473633
42.50669479370117
38.657188415527344
32.118797302246094
43.006181716918945
42.94610023498535
38.55109214782715
29.919862747192383
40.448665618896484
56.9758415222168
33.777475357055664
31.412839889526367
46.55885696411133
40.198326110839844
53.06839942932129
32.717227935791016
27.633190155029297
42.98734664916992
32.279253005981445
33.22553634643555
38.87677192687988
47.23834991455078
50.026893615722656
46.10490798950195
28.42545509338379
53.79605293273926
41.251420974731445
44.60573196411133
37.85514831542969
41.45240783691406
38.34247589111328
42.73653030395508
39.60084915161133
40.876150131225586
36.17143630981445
34.93905067443848
35.835981369018555
42.1442985534668
44.16823387145996
44.68393325805664
39.22104835510254
39.96109962463379
51.972150802612305
50.26555061340332
35.81380844116211
43.49780082702637
47.422170639038086
47.52326011657715
45.479774475097656
35.29238700866699
35.6602668762207
35.163164138793945
46.27728462219238
38.29240798950195
47.11127281188965
44.37732696533203
38.55395317077637
44.33774948120117
34.00421142578125
35.451412200927734
44.81101036071777
49.883127212524414
36.21649742126465
46.51665687561035
48.12765121459961
39.84379768371582
50.002336502075195
48.27761650085449
43.82133483886719
39.171695709228516
39.552927017211914
33.533573150634766
41.230201721191406
40.68613052368164
44.12436485290527
38.00344467163086
35.24422645568848
41.69273376464844
29.209613800048828
22.66716957092285
40.82632064819336
36.56435012817383
46.872615814208984
46.300649642944336
31.87108039855957
45.575857162475586
39.91842269897461
34.89065170288086
29.724836349487305
47.43003845214844
44.40784454345703
34.85274314880371
49.887895584106445
48.032283782958984
45.13692855834961
35.77566146850586
49.41296577453613
35.01009941101074
52.904367446899414
26.845455169677734
44.9070930480957
37.038564682006836
35.9954833984375
42.13762283325195
45.22204399108887
46.99301719665527
44.96574401855469
45.23634910583496
33.36381912231445
41.30053520202637
46.14448547363281
41.0466194152832
30.848979949951172
28.708696365356445
41.52560234069824
49.01003837585449
47.75261878967285
48.2487678527832
33.43629837036133
36.42678260803223
48.7208366394043
46.312808990478516
36.93556785583496
45.42684555053711
38.25974464416504
31.533002853393555
42.30928421020508
45.15790939331055
40.97485542297363
42.634010314941406
33.45131874084473
53.40766906738281
46.22507095336914
43.93601417541504
33.8284969329834
29.78205680847168
51.27429962158203
33.40291976928711
41.170358657836914
46.23532295227051
49.68523979187012
28.58591079711914
39.931535720825195
47.68729209899902
43.95747184753418
42.41681098937988
46.349525451660156
29.232263565063477
35.97831726074219
43.06435585021973
41.768789291381836
46.78511619567871
47.05500602722168
40.521860122680664
44.83938217163086
40.47703742980957
40.3439998626709
48.046112060546875
35.2632999420166
44.62480545043945
47.478437423706055
39.92295265197754
27.652263641357422
36.064863204956055
41.48602485656738
36.87262535095215
25.4518985748291
40.12632369995117
45.00460624694824
36.991119384765625
39.84999656677246
48.7213134765625
47.952890396118164
38.893699645996094
41.34106636047363
34.43622589111328
31.888723373413086
40.94862937927246
40.86494445800781
29.372215270996094
49.32904243469238
39.89720344543457
41.158199310302734
52.03127861022949
45.60422897338867
33.16903114318848
43.01023483276367
34.65151786804199
37.721872329711914
46.97847366333008
34.43551063537598
35.13312339782715
38.01298141479492
42.253732681274414
31.125545501708984
42.4344539642334
33.52761268615723
38.298845291137695
33.07390213012695
55.36770820617676
45.3031063079834
42.91033744812012
40.192604064941406
43.53618621826172
36.16738319396973
38.46025466918945
30.733823776245117
37.16921806335449
42.83618927001953
45.47119140625
52.14834213256836
39.64066505432129
45.943260192871094
34.51681137084961
34.868478775024414
52.33359336853027
34.04831886291504
40.935516357421875
34.36732292175293
29.811382293701172
46.29659652709961
38.84530067443848
54.20708656311035
33.70475769042969
33.97822380065918
38.7725830078125
50.248146057128906
48.590660095214844
35.20941734313965
39.434194564819336
49.80301856994629
42.458534240722656
43.9457893371582
39.09444808959961
39.88480567932129
48.48074913024902
45.481204986572266
37.39476203918457
45.3953742980957
41.696786880493164
47.377586364746094
39.231061935424805
46.56219482421875
46.47350311279297
42.34933853149414
37.65392303466797
49.32379722595215
37.023067474365234
38.46430778503418
42.005062103271484
54.680585861206055
37.1699333190918
33.18452835083008
49.781084060668945
42.006731033325195
19.29450035095215
54.090023040771484
49.031972885131836
50.184011459350586
32.12165832519531
32.29975700378418
44.46077346801758
29.469013214111328
42.23203659057617
30.890941619873047
37.904977798461914
35.51030158996582
33.1568717956543
45.72176933288574
41.14103317260742
52.529335021972656
28.03516387939453
34.73782539367676
39.12687301635742
47.61004447937012
43.77889633178711
