89.61772918701172
81.88724517822266
87.16845512390137
91.42351150512695
89.99776840209961
77.51154899597168
76.34735107421875
80.41214942932129
88.26160430908203
93.15228462219238
99.29108619689941
78.41157913208008
89.36429023742676
75.90866088867188
89.8275375366211
85.73746681213379
92.45967864990234
86.45939826965332
89.43581581115723
79.49304580688477
94.31242942810059
84.76996421813965
78.85932922363281
83.64653587341309
96.87519073486328
85.18052101135254
95.0009822845459
92.9269790649414
94.35439109802246
87.82458305358887
97.02110290527344
79.33998107910156
79.70690727233887
88.48428726196289
97.30863571166992
87.05592155456543
80.28841018676758
92.59533882141113
91.10879898071289
98.907470703125
96.70495986938477
99.73645210266113
94.8641300201416
82.65519142150879
90.76619148254395
89.58148956298828
100.44193267822266
91.42279624938965
77.84295082092285
82.43799209594727
87.4948501586914
93.41287612915039
84.65719223022461
91.14503860473633
81.36463165283203
90.15440940856934
91.16840362548828
93.05620193481445
86.86184883117676
89.41054344177246
72.42059707641602
88.29307556152344
100.00395774841309
82.37814903259277
98.48213195800781
86.98034286499023
87.73565292358398
92.95964241027832
83.86492729187012
78.02414894104004
86.41648292541504
91.84455871582031
89.97511863708496
86.25626564025879
87.51344680786133
98.13308715820312
91.82047843933105
97.16367721557617
86.89093589782715
94.03777122497559
97.86319732666016
87.18037605285645
91.57681465148926
88.24515342712402
96.28748893737793
82.69739151000977
81.50267601013184
92.74911880493164
86.3802433013916
91.60089492797852
84.89727973937988
97.42307662963867
92.79060363769531
87.07451820373535
87.02349662780762
85.74914932250977
77.19206809997559
97.04732894897461
81.52341842651367
85.174560546875
85.94775199890137
82.3831558227539
89.29204940795898
70.66917419433594
80.93142509460449
87.0211124420166
84.76877212524414
97.49364852905273
83.65726470947266
86.65132522583008
90.70229530334473
93.48201751708984
93.09959411621094
90.24930000305176
91.30287170410156
91.60566329956055
95.1528549194336
81.54034614562988
89.45465087890625
79.91170883178711
80.65199851989746
91.85314178466797
76.90286636352539
93.02902221679688
101.61113739013672
89.01095390319824
81.38012886047363
79.16474342346191
82.8695297241211
91.83120727539062
114.5334243774414
73.23741912841797
89.36643600463867
103.21474075317383
72.62039184570312
88.47832679748535
81.65550231933594
95.29972076416016
91.4924144744873
87.23640441894531
85.90340614318848
90.7900333404541
90.3170108795166
81.86554908752441
87.88681030273438
81.17461204528809
85.73102951049805
87.7232551574707
78.4296989440918
86.33112907409668
91.39823913574219
93.81532669067383
91.20440483093262
86.12489700317383
82.21602439880371
88.8833999633789
85.59751510620117
88.49120140075684
89.20907974243164
86.92240715026855
91.96305274963379
83.99200439453125
88.61231803894043
88.86504173278809
79.23221588134766
102.37312316894531
80.02901077270508
94.39754486083984
89.48636054992676
83.18638801574707
84.85770225524902
94.79022026062012
87.20779418945312
96.14038467407227
93.03665161132812
75.83999633789062
93.73307228088379
81.06827735900879
80.93404769897461
86.03262901306152
98.03414344787598
97.00322151184082
85.81805229187012
97.6419448852539
83.12749862670898
83.69135856628418
88.03176879882812
93.56021881103516
74.65171813964844
89.0359878540039
83.77552032470703
86.37452125549316
87.92924880981445
78.84931564331055
90.04950523376465
88.58776092529297
95.20339965820312
79.95009422302246
86.37332916259766
95.70479393005371
89.38789367675781
105.68475723266602
94.9547290802002
81.60853385925293
82.94820785522461
84.92875099182129
81.58016204833984
85.97922325134277
79.01811599731445
89.02335166931152
83.99796485900879
82.86809921264648
85.17646789550781
81.92801475524902
76.83873176574707
88.20700645446777
87.01658248901367
89.86592292785645
95.26968002319336
97.45025634765625
95.44587135314941
88.19246292114258
75.91867446899414
86.72666549682617
95.3359603881836
94.12908554077148
95.98350524902344
83.15014839172363
98.78754615783691
86.6544246673584
81.13312721252441
109.94625091552734
93.51944923400879
82.45563507080078
67.51608848571777
90.75474739074707
93.08648109436035
84.05137062072754
86.27796173095703
76.82180404663086
100.08049011230469
77.16822624206543
74.71108436584473
84.76972579956055
93.51849555969238
77.90660858154297
87.76974678039551
89.9043083190918
93.49513053894043
71.0153579711914
84.24806594848633
93.35064888000488
81.41851425170898
101.8075942993164
89.81204032897949
75.87146759033203
85.54244041442871
89.58172798156738
84.95521545410156
77.78549194335938
85.0522518157959
101.19462013244629
97.48673439025879
93.81771087646484
81.62689208984375
87.14485168457031
95.04580497741699
87.73064613342285
81.02798461914062
90.41190147399902
87.07809448242188
84.45572853088379
82.62085914611816
89.88809585571289
94.71893310546875
104.4154167175293
105.6680679321289
98.7710952758789
92.35525131225586
85.09540557861328
87.15963363647461
92.51904487609863
76.14564895629883
72.33071327209473
76.88784599304199
86.4870548248291
87.44287490844727
103.22690010070801
95.64208984375
81.00485801696777
88.9730453491211
88.41300010681152
106.18352890014648
84.48290824890137
94.42782402038574
87.10479736328125
78.51910591125488
92.26131439208984
84.25664901733398
98.60515594482422
88.86122703552246
84.29265022277832
94.8033332824707
79.70046997070312
94.25473213195801
96.95720672607422
90.84320068359375
88.7908935546875
103.01661491394043
82.2610855102539
85.5703353881836
95.74031829833984
97.5654125213623
95.22676467895508
97.69582748413086
76.90834999084473
90.16084671020508
95.55459022521973
75.35028457641602
94.1915512084961
83.42123031616211
93.55783462524414
82.24654197692871
93.10412406921387
100.42119026184082
86.98844909667969
78.83453369140625
92.43583679199219
77.50272750854492
90.45577049255371
88.42968940734863
87.59260177612305
90.89303016662598
78.24444770812988
72.51644134521484
87.54801750183105
90.0411605834961
109.57598686218262
83.48464965820312
82.72314071655273
84.67459678649902
86.23743057250977
86.36140823364258
78.01055908203125
90.2104377746582
95.68476676940918
89.6904468536377
101.07731819152832
91.65453910827637
96.32229804992676
94.39826011657715
85.13450622558594
94.00343894958496
79.88309860229492
91.23587608337402
96.84991836547852
77.52370834350586
80.45196533203125
88.00101280212402
76.42531394958496
96.36163711547852
84.23924446105957
87.6009464263916
91.67265892028809
90.41953086853027
99.50017929077148
72.93128967285156
90.04092216491699
87.59689331054688
96.22001647949219
88.06920051574707
80.52921295166016
86.30919456481934
85.71171760559082
94.71487998962402
77.98480987548828
99.21383857727051
84.91826057434082
87.69631385803223
89.34664726257324
93.82033348083496
94.29812431335449
81.23660087585449
83.10699462890625
99.19333457946777
96.23241424560547
69.15402412414551
92.13137626647949
91.56036376953125
87.19825744628906
96.36616706848145
83.15753936767578
99.29919242858887
97.7010726928711
89.83302116394043
95.9615707397461
94.6969985961914
89.61367607116699
97.47028350830078
78.83262634277344
90.64221382141113
87.74089813232422
81.70819282531738
96.8015193939209
84.76424217224121
88.75751495361328
89.52736854553223
84.26713943481445
91.98260307312012
87.33606338500977
87.63980865478516
89.40768241882324
71.9747543334961
92.96059608459473
94.61331367492676
83.5273265838623
86.75312995910645
87.65649795532227
85.68334579467773
89.65277671813965
91.23849868774414
76.7526626586914
93.60504150390625
102.21552848815918
91.81594848632812
85.71243286132812
87.61143684387207
85.04652976989746
89.29610252380371
73.65846633911133
84.71226692199707
75.09756088256836
93.49989891052246
82.47184753417969
93.00351142883301
87.49246597290039
90.9876823425293
91.23349189758301
86.16900444030762
86.99727058410645
82.67951011657715
86.11941337585449
91.77064895629883
91.54558181762695
82.97967910766602
85.31045913696289
92.58317947387695
91.06063842773438
86.60626411437988
90.88397026062012
93.33157539367676
92.93413162231445
87.23711967468262
94.2533016204834
90.05165100097656
98.60610961914062
79.49304580688477
91.17341041564941
89.21146392822266
81.33435249328613
90.68822860717773
95.77536582946777
99.84874725341797
87.49127388000488
83.32943916320801
81.09140396118164
79.41222190856934
90.38233757019043
91.07327461242676
82.83019065856934
81.07399940490723
82.61823654174805
93.70851516723633
101.46379470825195
92.74530410766602
76.3857364654541
100.34680366516113
89.10036087036133
105.12900352478027
84.57446098327637
83.98628234863281
100.49986839294434
84.11931991577148
78.28211784362793
79.5755386352539
89.10107612609863
85.25371551513672
79.0407657623291
84.91158485412598
84.3508243560791
98.06489944458008
84.23209190368652
86.10081672668457
95.27778625488281
87.90755271911621
89.66350555419922
83.00304412841797
89.36953544616699
86.41409873962402
89.49828147888184
100.54922103881836
98.55055809020996
81.54106140136719
87.89300918579102
83.02783966064453
89.74075317382812
81.79855346679688
92.41080284118652
96.771240234375
76.47156715393066
95.09706497192383
85.05988121032715
85.24608612060547
78.84550094604492
84.38730239868164
91.8118953704834
80.75356483459473
99.47538375854492
95.85261344909668
103.10626029968262
87.13793754577637
87.05830574035645
95.50189971923828
95.44587135314941
76.8120288848877
91.23682975769043
63.330650329589844
79.9713134765625
84.46097373962402
94.56157684326172
93.79100799560547
83.55474472045898
98.44017028808594
94.48361396789551
87.03327178955078
89.78533744812012
86.25483512878418
81.98761940002441
98.58202934265137
84.46860313415527
78.28092575073242
90.18278121948242
82.30423927307129
79.59938049316406
98.6335277557373
88.84024620056152
94.85244750976562
85.85548400878906
88.24491500854492
86.7910385131836
87.42761611938477
97.12076187133789
84.9161148071289
90.50536155700684
90.90828895568848
77.18896865844727
83.13369750976562
94.82336044311523
94.94662284851074
93.9490795135498
99.40218925476074
94.37680244445801
93.65415573120117
76.64299011230469
95.09873390197754
78.89175415039062
89.76936340332031
90.23046493530273
94.15245056152344
85.22987365722656
90.15631675720215
92.76461601257324
87.11910247802734
77.11601257324219
81.92086219787598
85.6926441192627
84.32269096374512
87.14556694030762
93.5518741607666
77.88562774658203
89.4927978515625
83.48536491394043
89.3561840057373
91.6602611541748
83.93239974975586
91.6440486907959
85.82711219787598
86.17281913757324
94.85054016113281
77.94451713562012
88.73724937438965
84.42115783691406
88.23728561401367
100.37660598754883
85.37435531616211
88.15288543701172
87.25380897521973
93.4457778930664
91.6895866394043
89.69831466674805
86.6239070892334
83.82916450500488
83.77242088317871
100.31962394714355
85.23058891296387
82.00407028198242
70.97578048706055
93.19281578063965
77.84748077392578
88.38438987731934
81.1166763305664
82.17406272888184
96.34280204772949
93.81842613220215
100.74567794799805
80.53112030029297
80.45291900634766
83.29629898071289
84.4733715057373
86.38763427734375
82.49616622924805
85.26849746704102
90.30771255493164
80.0778865814209
90.83795547485352
91.24898910522461
88.90604972839355
88.35053443908691
82.93890953063965
90.6524658203125
88.95325660705566
85.66641807556152
88.92560005187988
107.66148567199707
86.58337593078613
87.83745765686035
104.43997383117676
84.78832244873047
83.1456184387207
75.27589797973633
88.58489990234375
82.52334594726562
79.06341552734375
85.99686622619629
88.98067474365234
83.37593078613281
80.66844940185547
86.07745170593262
89.97249603271484
86.14921569824219
89.39313888549805
87.93497085571289
92.14282035827637
77.34394073486328
93.65177154541016
109.56144332885742
71.5491771697998
99.81799125671387
84.3818187713623
87.41903305053711
92.79465675354004
85.66617965698242
84.49411392211914
87.93997764587402
90.52348136901855
91.76516532897949
85.98041534423828
88.43660354614258
93.76263618469238
88.55295181274414
89.58125114440918
93.45269203186035
85.36887168884277
85.88218688964844
94.01893615722656
83.42242240905762
94.58589553833008
88.23943138122559
83.90426635742188
89.83373641967773
89.2324447631836
89.95914459228516
94.08164024353027
83.30655097961426
91.9194221496582
85.46853065490723
94.16079521179199
81.8634033203125
81.99667930603027
80.57618141174316
83.24217796325684
90.49654006958008
85.44611930847168
80.66105842590332
89.73050117492676
85.61205863952637
91.72415733337402
94.15888786315918
81.21919631958008
97.29242324829102
93.95265579223633
92.10538864135742
81.76875114440918
93.31655502319336
83.95147323608398
84.93828773498535
82.57150650024414
100.09908676147461
90.8503532409668
82.75318145751953
89.111328125
79.40983772277832
88.18483352661133
104.09092903137207
89.98847007751465
74.9201774597168
88.65571022033691
74.11646842956543
84.86485481262207
86.21811866760254
77.0261287689209
87.80789375305176
79.00309562683105
88.20915222167969
81.89702033996582
70.61338424682617
89.73932266235352
97.21660614013672
94.63787078857422
85.31403541564941
94.72131729125977
93.17493438720703
85.85762977600098
98.24323654174805
98.57511520385742
95.99733352661133
88.15693855285645
72.01313972473145
87.08453178405762
92.54789352416992
88.04178237915039
97.60928153991699
88.72056007385254
80.00779151916504
90.77572822570801
94.39492225646973
78.51052284240723
90.82627296447754
85.21270751953125
75.06561279296875
94.88892555236816
78.72509956359863
90.19732475280762
81.93159103393555
75.91819763183594
91.29953384399414
91.6738510131836
99.74169731140137
84.74230766296387
92.90432929992676
79.40030097961426
81.00366592407227
82.91006088256836
84.81717109680176
85.09492874145508
85.0372314453125
77.77714729309082
74.49078559875488
86.03882789611816
94.60091590881348
94.46358680725098
99.7626781463623
78.32098007202148
86.66205406188965
74.86844062805176
95.57199478149414
85.7703685760498
97.20182418823242
88.15765380859375
90.64507484436035
73.82798194885254
87.93973922729492
101.26733779907227
90.45243263244629
75.89983940124512
90.39878845214844
88.26208114624023
80.30295372009277
80.82175254821777
97.20802307128906
93.67680549621582
74.14650917053223
83.02521705627441
87.29696273803711
78.1862735748291
97.93806076049805
85.5255126953125
94.7272777557373
85.66141128540039
93.08838844299316
99.87759590148926
87.98003196716309
90.9271240234375
92.93556213378906
92.9877758026123
79.93245124816895
89.5998477935791
88.24992179870605
95.52359580993652
66.43939018249512
88.8986587524414
91.94111824035645
102.8280258178711
96.27771377563477
96.31609916687012
91.65239334106445
86.38644218444824
88.23013305664062
94.56062316894531
82.18502998352051
95.29948234558105
91.86267852783203
100.17037391662598
85.30664443969727
86.24076843261719
83.5111141204834
92.15545654296875
94.41828727722168
92.68951416015625
87.00847625732422
90.38472175598145
73.35400581359863
81.77495002746582
82.22126960754395
83.01043510437012
93.4915542602539
93.80507469177246
73.60267639160156
83.95147323608398
83.92333984375
82.51428604125977
87.48102188110352
88.31357955932617
76.43890380859375
88.19460868835449
95.68119049072266
100.10910034179688
83.45699310302734
93.95575523376465
90.70992469787598
89.79630470275879
88.37652206420898
99.15518760681152
87.83674240112305
86.41767501831055
85.66451072692871
79.35380935668945
89.52093124389648
79.64348793029785
87.45861053466797
90.27743339538574
97.31864929199219
89.2188549041748
79.54645156860352
86.92646026611328
84.79571342468262
84.98525619506836
86.21811866760254
92.66519546508789
95.38769721984863
95.66950798034668
94.20537948608398
89.86830711364746
89.71023559570312
100.06332397460938
84.28239822387695
95.74508666992188
95.5495834350586
92.44203567504883
86.13920211791992
91.21823310852051
76.48372650146484
82.07941055297852
87.54396438598633
89.39719200134277
94.77806091308594
96.71854972839355
94.42710876464844
91.77327156066895
85.18433570861816
92.41294860839844
98.67691993713379
86.54403686523438
82.88073539733887
89.95246887207031
85.33358573913574
94.94233131408691
80.79075813293457
84.51700210571289
91.08638763427734
84.08331871032715
78.92990112304688
84.76638793945312
79.69856262207031
90.62695503234863
80.71446418762207
80.61003684997559
103.75237464904785
82.4894905090332
73.92120361328125
101.24683380126953
76.60651206970215
96.12917900085449
94.44046020507812
92.07463264465332
74.26953315734863
87.74900436401367
84.08641815185547
95.81327438354492
92.9868221282959
89.00213241577148
87.10455894470215
99.58434104919434
111.66834831237793
88.49024772644043
73.54140281677246
91.34030342102051
85.34479141235352
91.02201461791992
89.92648124694824
91.53270721435547
86.82465553283691
98.28042984008789
75.22225379943848
85.15787124633789
88.58752250671387
88.22798728942871
97.00369834899902
81.37822151184082
90.13533592224121
83.2066535949707
99.27558898925781
98.27589988708496
99.45535659790039
85.53004264831543
82.28015899658203
81.6197395324707
81.28786087036133
92.96846389770508
100.49676895141602
84.35988426208496
83.77218246459961
89.87545967102051
91.57276153564453
79.31828498840332
92.29230880737305
97.24974632263184
91.10426902770996
81.32028579711914
85.40630340576172
92.88549423217773
88.69218826293945
83.71782302856445
73.73571395874023
97.79000282287598
84.89751815795898
92.04435348510742
80.4746150970459
85.12592315673828
89.49756622314453
99.30992126464844
97.58448600769043
87.51845359802246
85.75725555419922
93.22381019592285
83.74595642089844
78.54795455932617
80.32035827636719
82.45563507080078
88.60301971435547
91.4149284362793
78.32694053649902
79.30517196655273
89.19787406921387
90.41953086853027
92.64922142028809
84.56015586853027
86.44914627075195
91.71581268310547
84.72418785095215
92.77749061584473
87.80622482299805
87.78738975524902
83.68253707885742
80.69658279418945
91.8431282043457
80.37877082824707
76.61128044128418
89.16783332824707
79.04219627380371
