36.192893981933594
40.674448013305664
43.12539100646973
41.31960868835449
47.658443450927734
42.8767204284668
49.98373985290527
32.896995544433594
37.01519966125488
43.4114933013916
38.31648826599121
37.93907165527344
45.26090621948242
47.08361625671387
42.03033447265625
40.54760932922363
38.30838203430176
41.09811782836914
41.380882263183594
53.59315872192383
42.24848747253418
43.81704330444336
42.51694679260254
39.73793983459473
42.82021522521973
47.42598533630371
31.426191329956055
48.53963851928711
41.08572006225586
44.21257972717285
25.534868240356445
43.91145706176758
48.93374443054199
53.91526222229004
39.26229476928711
39.52503204345703
46.914100646972656
47.50776290893555
28.823137283325195
41.27311706542969
45.809268951416016
34.18445587158203
46.41461372375488
52.490234375
50.08339881896973
29.58059310913086
40.23385047912598
27.708053588867188
31.263351440429688
36.161184310913086
32.190561294555664
33.15877914428711
46.324968338012695
28.236865997314453
30.04312515258789
38.88225555419922
39.20316696166992
48.73085021972656
40.84014892578125
39.188385009765625
37.15920448303223
30.906200408935547
37.270307540893555
43.68090629577637
38.13934326171875
48.46501350402832
33.39052200317383
31.386137008666992
31.270265579223633
48.4623908996582
43.01047325134277
41.1534309387207
43.09964179992676
38.26737403869629
39.38555717468262
48.071861267089844
43.00689697265625
44.5401668548584
39.459943771362305
28.078556060791016
49.35193061828613
44.61240768432617
39.99137878417969
39.636850357055664
46.926259994506836
20.483016967773438
33.565521240234375
38.9246940612793
32.63258934020996
56.62822723388672
40.732383728027344
50.91571807861328
48.03586006164551
32.73916244506836
39.73221778869629
47.38926887512207
30.34067153930664
38.88440132141113
48.50339889526367
38.7575626373291
33.814191818237305
44.07930374145508
44.11602020263672
39.28518295288086
42.278289794921875
40.05932807922363
52.83999443054199
39.140939712524414
53.06196212768555
49.46541786193848
42.36555099487305
48.43020439147949
58.312416076660156
41.30196571350098
31.194210052490234
42.25420951843262
51.91469192504883
36.21792793273926
31.798601150512695
47.16920852661133
34.22212600708008
50.86684226989746
38.689613342285156
50.60148239135742
44.15488243103027
43.8532829284668
33.77676010131836
44.88778114318848
46.35190963745117
36.47327423095703
38.709402084350586
31.952381134033203
32.52863883972168
40.00449180603027
43.556928634643555
42.41132736206055
34.40999984741211
52.30236053466797
29.756784439086914
34.845829010009766
60.91880798339844
32.94491767883301
39.015769958496094
38.02347183227539
42.67096519470215
37.544965744018555
48.81453514099121
42.314767837524414
40.686607360839844
41.40353202819824
44.83914375305176
41.22757911682129
32.15670585632324
33.52761268615723
42.427778244018555
35.933494567871094
40.46368598937988
37.29057312011719
23.871660232543945
40.77506065368652
50.64797401428223
51.29742622375488
51.8951416015625
38.17009925842285
37.2774600982666
50.62246322631836
41.487932205200195
37.368059158325195
44.99626159667969
27.00972557067871
36.882877349853516
32.8829288482666
39.44849967956543
41.6567325592041
39.54124450683594
45.9752082824707
35.05659103393555
42.304039001464844
45.372724533081055
30.261516571044922
48.83289337158203
43.89810562133789
42.30093955993652
52.28066444396973
39.914608001708984
34.062862396240234
39.83712196350098
43.97439956665039
41.783809661865234
39.426565170288086
31.160593032836914
41.48674011230469
26.763439178466797
32.79685974121094
27.680158615112305
34.80982780456543
35.513877868652344
40.68493843078613
35.492658615112305
25.45952796936035
41.78023338317871
46.61273956298828
29.277324676513672
46.56338691711426
46.712636947631836
38.2685661315918
45.357704162597656
41.20302200317383
41.110992431640625
36.36026382446289
52.44183540344238
54.99267578125
33.8129997253418
28.463125228881836
39.923667907714844
34.87801551818848
43.625831604003906
47.53923416137695
59.36741828918457
30.866384506225586
40.4210090637207
39.15095329284668
47.33014106750488
33.4315299987793
36.97657585144043
41.28885269165039
52.24442481994629
44.93355751037598
56.90932273864746
45.42255401611328
34.334421157836914
44.747352600097656
40.0996208190918
41.106462478637695
41.71943664550781
24.90234375
50.24981498718262
42.47736930847168
40.97628593444824
42.93346405029297
50.95171928405762
35.00652313232422
46.40603065490723
40.50326347351074
46.52738571166992
43.706417083740234
41.87631607055664
52.6278018951416
47.64962196350098
43.02358627319336
37.97149658203125
53.14373970031738
31.301021575927734
47.93262481689453
39.815664291381836
47.13916778564453
39.74556922912598
43.31707954406738
45.39632797241211
24.895668029785156
33.83994102478027
42.46187210083008
43.45417022705078
32.85813331604004
41.96906089782715
39.980411529541016
36.077022552490234
49.37314987182617
41.175127029418945
34.83414649963379
40.67373275756836
48.957109451293945
48.83265495300293
51.54132843017578
46.427011489868164
42.196035385131836
30.449390411376953
37.98723220825195
41.53871536254883
29.26802635192871
43.855905532836914
44.98481750488281
46.588897705078125
51.726579666137695
36.802053451538086
37.96029090881348
43.641090393066406
28.656959533691406
46.02551460266113
38.889169692993164
34.89112854003906
48.74849319458008
41.87655448913574
29.170989990234375
40.94362258911133
43.131351470947266
31.912565231323242
29.41155433654785
45.101165771484375
51.67222023010254
47.13177680969238
57.4800968170166
37.07623481750488
45.1507568359375
35.04014015197754
36.14473342895508
31.174421310424805
39.26897048950195
40.631771087646484
34.38568115234375
34.3165397644043
48.31409454345703
42.215585708618164
53.08890342712402
33.284664154052734
46.97704315185547
40.10748863220215
42.06991195678711
45.385122299194336
50.45890808105469
47.07479476928711
40.88139533996582
38.243770599365234
43.43986511230469
41.918277740478516
32.9437255859375
49.262046813964844
52.15811729431152
44.15249824523926
53.24244499206543
40.46225547790527
40.09079933166504
34.13128852844238
28.74279022216797
53.14159393310547
34.64841842651367
50.09722709655762
42.42587089538574
38.90657424926758
46.740055084228516
44.67129707336426
42.8318977355957
27.644634246826172
53.21860313415527
41.678428649902344
42.71340370178223
38.458824157714844
43.88689994812012
36.875247955322266
54.405927658081055
41.80502891540527
35.86697578430176
40.5583381652832
40.349483489990234
36.342620849609375
38.45953941345215
47.72686958312988
38.24496269226074
44.39663887023926
36.86690330505371
45.01628875732422
51.883697509765625
58.297157287597656
47.2865104675293
47.690629959106445
49.095869064331055
39.76583480834961
35.875797271728516
46.97871208190918
36.47971153259277
42.23370552062988
48.00152778625488
49.05843734741211
47.85442352294922
27.669668197631836
32.96351432800293
36.35597229003906
55.205345153808594
46.43893241882324
44.03185844421387
45.23444175720215
45.32313346862793
43.71213912963867
43.521881103515625
44.049978256225586
46.96917533874512
36.33761405944824
42.900800704956055
46.94533348083496
54.24666404724121
34.903526306152344
30.135631561279297
24.87492561340332
46.97060585021973
34.21306610107422
43.39146614074707
49.97420310974121
48.71225357055664
49.63874816894531
56.549787521362305
41.960716247558594
27.07195281982422
46.60487174987793
47.1038818359375
36.71145439147949
37.30654716491699
44.37446594238281
45.10998725891113
43.22385787963867
41.881561279296875
46.20814323425293
44.24262046813965
42.592763900756836
34.86323356628418
48.013925552368164
34.95025634765625
34.55066680908203
27.877092361450195
39.98565673828125
33.461570739746094
40.44771194458008
27.694225311279297
34.4243049621582
39.50357437133789
51.16748809814453
47.21999168395996
38.57016563415527
40.83824157714844
39.02459144592285
41.52655601501465
39.82234001159668
40.88258743286133
38.593292236328125
37.32585906982422
44.22879219055176
34.34133529663086
25.533199310302734
34.177541732788086
40.021419525146484
48.32005500793457
39.97945785522461
49.08585548400879
42.47784614562988
51.82147026062012
45.644283294677734
43.064117431640625
49.36337471008301
41.6867733001709
47.70827293395996
40.89760780334473
57.71899223327637
46.54645919799805
55.24706840515137
45.859336853027344
40.17043113708496
44.45242881774902
43.29228401184082
45.52173614501953
38.524627685546875
36.07177734375
45.534372329711914
43.07818412780762
32.790422439575195
38.320302963256836
47.04165458679199
39.58916664123535
33.33926200866699
27.76813507080078
49.249887466430664
39.5965576171875
36.16833686828613
41.756629943847656
46.75745964050293
51.56731605529785
46.59008979797363
42.15669631958008
45.356035232543945
40.55070877075195
44.24858093261719
50.86255073547363
34.91091728210449
42.5112247467041
40.35472869873047
45.19009590148926
44.992685317993164
36.519527435302734
52.99687385559082
54.58188056945801
38.62333297729492
41.127920150756836
41.52321815490723
33.190011978149414
31.299114227294922
46.5245246887207
36.331892013549805
40.78936576843262
25.700092315673828
30.607938766479492
43.065786361694336
58.084964752197266
54.911136627197266
27.98318862915039
41.808128356933594
26.441097259521484
43.72096061706543
47.447919845581055
36.6511344909668
33.93888473510742
47.91116714477539
46.92244529724121
41.22519493103027
39.93725776672363
49.75700378417969
35.11500358581543
38.153648376464844
50.734519958496094
36.34953498840332
47.109127044677734
37.364959716796875
47.44291305541992
48.87104034423828
43.34712028503418
41.3515567779541
47.301530838012695
32.36079216003418
40.198326110839844
31.2650203704834
40.76409339904785
57.29317665100098
47.07813262939453
25.753498077392578
46.79083824157715
35.75873374938965
34.4243049621582
47.132253646850586
50.718069076538086
29.525279998779297
45.49598693847656
45.9752082824707
40.908098220825195
42.25015640258789
33.82420539855957
38.579702377319336
53.54905128479004
32.998085021972656
45.6540584564209
37.180423736572266
40.68350791931152
41.96572303771973
41.09907150268555
48.37369918823242
48.766136169433594
47.80721664428711
41.72253608703613
31.14795684814453
35.048484802246094
45.426130294799805
29.942750930786133
35.92324256896973
45.2730655670166
44.634103775024414
47.930002212524414
39.48569297790527
36.5147590637207
39.557456970214844
60.021162033081055
43.675899505615234
32.494544982910156
32.81688690185547
43.524980545043945
28.789997100830078
33.989906311035156
40.69066047668457
42.21534729003906
33.100128173828125
35.3093147277832
38.44499588012695
42.437076568603516
36.020517349243164
30.48992156982422
35.828590393066406
50.70614814758301
20.598888397216797
43.3804988861084
43.329715728759766
39.05463218688965
41.91088676452637
44.7084903717041
47.45054244995117
48.53343963623047
38.489341735839844
37.66465187072754
46.28443717956543
48.866987228393555
49.555063247680664
40.55643081665039
53.345441818237305
43.023109436035156
40.373802185058594
36.00358963012695
37.071943283081055
42.03677177429199
49.288034439086914
46.08631134033203
40.16995429992676
46.40674591064453
34.31272506713867
54.66413497924805
38.97714614868164
46.0820198059082
47.50633239746094
43.18404197692871
46.25892639160156
40.08769989013672
25.62236785888672
40.427207946777344
42.183876037597656
44.704437255859375
33.42485427856445
48.40826988220215
33.63609313964844
41.517019271850586
49.559831619262695
27.94933319091797
48.117876052856445
40.10438919067383
33.69283676147461
37.39809989929199
50.360679626464844
40.13657569885254
40.89856147766113
40.29703140258789
33.87761116027832
37.40859031677246
45.615196228027344
37.943124771118164
32.49073028564453
36.78321838378906
46.35906219482422
50.07171630859375
39.7188663482666
45.63713073730469
37.12725639343262
47.54066467285156
46.90837860107422
44.9681282043457
46.65207862854004
43.804168701171875
48.69508743286133
44.21854019165039
36.78011894226074
48.177242279052734
49.83782768249512
38.861989974975586
33.577680587768555
41.06783866882324
40.66300392150879
49.72100257873535
45.68219184875488
36.119699478149414
29.997587203979492
41.336774826049805
44.054269790649414
38.50674629211426
45.17173767089844
46.717166900634766
45.5622673034668
53.44676971435547
42.740821838378906
55.16552925109863
48.391103744506836
24.56188201904297
40.62390327453613
48.49696159362793
39.96562957763672
50.33683776855469
54.52871322631836
36.612749099731445
37.19949722290039
47.68633842468262
46.34356498718262
32.23419189453125
49.61133003234863
35.675764083862305
49.47185516357422
46.338796615600586
45.677900314331055
32.06157684326172
46.83637619018555
42.077064514160156
45.038461685180664
40.314435958862305
45.83144187927246
29.345035552978516
34.64102745056152
38.15031051635742
52.94966697692871
45.37320137023926
44.86823081970215
41.45932197570801
33.07843208312988
44.07525062561035
44.051170349121094
31.99601173400879
32.90295600891113
33.56027603149414
51.59735679626465
35.53628921508789
40.96341133117676
37.18852996826172
52.411794662475586
29.717206954956055
31.626462936401367
54.61597442626953
43.14422607421875
42.240142822265625
45.03750801086426
51.82814598083496
46.53120040893555
41.66054725646973
40.24076461791992
48.248291015625
40.364742279052734
36.84735298156738
29.422521591186523
37.54830360412598
44.51608657836914
35.704851150512695
49.77774620056152
33.921241760253906
43.053627014160156
31.24403953552246
32.468557357788086
40.88139533996582
45.03345489501953
53.94148826599121
44.50798034667969
32.082557678222656
36.084890365600586
45.85456848144531
51.36370658874512
53.778648376464844
39.38913345336914
43.80440711975098
42.59228706359863
57.91425704956055
39.902687072753906
35.791635513305664
40.297508239746094
46.671390533447266
45.179128646850586
45.011281967163086
41.06569290161133
45.719146728515625
37.55545616149902
46.60964012145996
39.74008560180664
42.493581771850586
43.28465461730957
35.04014015197754
37.92166709899902
39.37125205993652
43.717384338378906
31.30793571472168
42.10519790649414
44.15154457092285
41.538238525390625
51.65410041809082
42.43111610412598
46.83637619018555
39.02864456176758
30.27939796447754
46.49090766906738
35.06922721862793
39.37268257141113
45.72725296020508
45.65095901489258
49.16667938232422
46.68116569519043
43.11180114746094
39.31069374084473
41.14222526550293
49.36027526855469
38.976430892944336
38.23399543762207
40.95292091369629
40.48562049865723
34.16132926940918
38.20037841796875
39.82353210449219
34.94572639465332
42.23823547363281
40.578603744506836
38.75851631164551
40.740013122558594
46.05245590209961
38.14244270324707
38.024187088012695
32.674312591552734
37.602901458740234
44.005393981933594
58.364152908325195
31.434059143066406
26.294231414794922
38.85197639465332
31.85868263244629
36.40913963317871
53.57694625854492
42.0989990234375
47.26433753967285
58.591604232788086
50.687551498413086
36.319732666015625
43.66159439086914
52.956342697143555
38.42949867248535
40.30323028564453
34.91663932800293
43.616294860839844
45.673370361328125
49.28755760192871
46.28396034240723
40.242910385131836
42.26279258728027
38.602590560913086
38.52987289428711
45.65310478210449
43.52068901062012
29.772520065307617
44.04616355895996
41.05496406555176
40.98081588745117
39.103031158447266
31.24260902404785
39.653778076171875
43.29967498779297
44.71468925476074
41.864871978759766
35.07518768310547
48.627614974975586
39.92271423339844
40.19737243652344
37.04023361206055
37.448883056640625
57.13462829589844
47.1649169921875
50.10795593261719
39.737701416015625
33.30349922180176
37.83845901489258
33.79416465759277
49.96299743652344
37.17541694641113
34.81101989746094
54.190874099731445
29.56557273864746
42.60540008544922
46.7526912689209
39.80851173400879
57.201385498046875
42.56558418273926
35.01462936401367
56.43439292907715
49.31974411010742
32.917022705078125
43.17665100097656
41.62740707397461
50.55594444274902
36.97943687438965
39.16811943054199
43.22338104248047
50.61817169189453
35.77566146850586
35.63642501831055
39.218902587890625
40.7252311706543
50.92954635620117
21.474599838256836
44.3112850189209
42.875051498413086
48.02513122558594
32.43136405944824
31.421899795532227
40.90118408203125
38.82122039794922
34.76667404174805
49.35002326965332
37.09602355957031
34.72733497619629
50.49610137939453
35.64119338989258
59.523820877075195
44.112205505371094
41.34964942932129
33.685922622680664
43.70737075805664
38.743019104003906
26.911258697509766
42.39535331726074
43.617963790893555
28.64670753479004
46.666860580444336
39.41631317138672
52.037954330444336
34.63244438171387
43.64347457885742
45.67384719848633
40.9846305847168
40.87042808532715
37.60576248168945
53.54452133178711
34.74259376525879
36.20767593383789
40.30323028564453
40.18688201904297
45.1967716217041
43.66564750671387
45.70436477661133
43.67351531982422
37.142038345336914
54.183244705200195
27.865171432495117
37.02497482299805
45.256614685058594
55.5112361907959
39.781808853149414
40.18092155456543
44.28243637084961
32.42659568786621
54.79764938354492
56.70809745788574
46.498775482177734
45.4096794128418
42.5417423248291
30.191421508789062
42.105913162231445
35.2175235748291
48.95663261413574
38.46454620361328
48.803091049194336
26.264667510986328
38.0702018737793
50.170183181762695
41.28599166870117
33.26249122619629
45.571327209472656
43.85972023010254
43.26629638671875
46.77915573120117
46.88906669616699
44.486284255981445
40.02714157104492
37.29391098022461
39.01386260986328
40.364980697631836
33.679962158203125
37.732839584350586
43.20335388183594
39.54052925109863
44.79265213012695
29.036283493041992
47.649383544921875
36.35239601135254
54.85391616821289
38.06328773498535
49.6671199798584
39.95227813720703
53.87592315673828
53.258419036865234
42.973995208740234
36.01360321044922
39.95990753173828
42.748212814331055
34.15870666503906
39.09635543823242
30.701160430908203
43.27082633972168
36.06915473937988
45.80974578857422
44.68679428100586
38.04802894592285
51.801443099975586
47.20568656921387
40.786027908325195
27.434825897216797
54.296016693115234
28.802871704101562
44.07358169555664
33.26010704040527
46.12278938293457
44.23928260803223
37.76144981384277
41.898488998413086
54.87871170043945
43.74814033508301
44.4643497467041
52.182912826538086
37.95766830444336
46.99397087097168
40.46750068664551
