84.96665954589844
91.94636344909668
79.75292205810547
85.52837371826172
82.20338821411133
75.65641403198242
85.87646484375
76.33042335510254
72.71575927734375
87.73970603942871
75.24228096008301
73.3344554901123
81.1762809753418
93.88494491577148
75.86812973022461
72.07560539245605
78.98259162902832
87.53633499145508
79.99920845031738
85.78777313232422
86.41886711120605
77.15582847595215
90.07978439331055
80.7642936706543
81.73418045043945
88.08350563049316
82.74078369140625
86.20357513427734
75.86550712585449
70.95646858215332
93.31321716308594
82.99756050109863
76.05910301208496
86.53974533081055
76.64084434509277
82.56983757019043
80.51085472106934
69.29492950439453
83.66584777832031
71.93636894226074
84.27667617797852
65.14239311218262
80.41763305664062
90.54136276245117
86.87281608581543
86.21978759765625
75.09660720825195
63.504695892333984
75.82926750183105
57.05857276916504
90.56901931762695
82.25584030151367
71.56109809875488
76.3239860534668
89.44201469421387
76.12133026123047
80.54542541503906
82.88908004760742
86.95197105407715
85.75439453125
75.08015632629395
92.60153770446777
77.6369571685791
78.36484909057617
84.38992500305176
84.38491821289062
83.5273265838623
81.74729347229004
70.03211975097656
72.16835021972656
76.98249816894531
75.75821876525879
85.28923988342285
97.60618209838867
72.40557670593262
78.9499282836914
91.16888046264648
81.94208145141602
64.70751762390137
72.99470901489258
92.04673767089844
78.27520370483398
86.9140625
67.89398193359375
78.68647575378418
73.7912654876709
77.04591751098633
71.01917266845703
64.77642059326172
88.79709243774414
91.95780754089355
77.65364646911621
84.97381210327148
74.94282722473145
83.10294151306152
69.63276863098145
73.06075096130371
87.66722679138184
72.14999198913574
78.47046852111816
64.26143646240234
79.00261878967285
92.68021583557129
89.52474594116211
84.00416374206543
73.86040687561035
70.38283348083496
97.77331352233887
83.18734169006348
62.44301795959473
83.25886726379395
93.19043159484863
81.85863494873047
88.17100524902344
87.00132369995117
73.2126235961914
84.04254913330078
89.28561210632324
77.59809494018555
77.32367515563965
96.32062911987305
92.26131439208984
74.74231719970703
75.3180980682373
93.54519844055176
70.95050811767578
80.16061782836914
71.52557373046875
83.88662338256836
77.13985443115234
77.73876190185547
90.93856811523438
77.55589485168457
79.71310615539551
73.13656806945801
86.27796173095703
73.46248626708984
79.6198844909668
79.37169075012207
90.07453918457031
77.35514640808105
75.9589672088623
77.35729217529297
83.76049995422363
79.37335968017578
69.86403465270996
81.47764205932617
83.47702026367188
73.84610176086426
70.38092613220215
75.48356056213379
68.54987144470215
91.8123722076416
79.82873916625977
79.83803749084473
80.78145980834961
90.82913398742676
71.84243202209473
80.37662506103516
83.41836929321289
80.89447021484375
88.57250213623047
76.76219940185547
91.66526794433594
76.15303993225098
85.18552780151367
81.0861587524414
80.0631046295166
78.8278579711914
87.99624443054199
84.84864234924316
82.03697204589844
78.7360668182373
79.09655570983887
70.61886787414551
94.69819068908691
82.27896690368652
74.2032527923584
82.60226249694824
80.4891586303711
79.33378219604492
81.7713737487793
85.27660369873047
82.38601684570312
82.49735832214355
85.98160743713379
79.74886894226074
75.66642761230469
70.6777572631836
83.49871635437012
77.53920555114746
81.80975914001465
92.35358238220215
86.24744415283203
83.62436294555664
84.65194702148438
82.23843574523926
77.00777053833008
85.91151237487793
77.73542404174805
80.35540580749512
83.10198783874512
79.23078536987305
84.97262001037598
95.79825401306152
80.7960033416748
85.00313758850098
73.43101501464844
65.07539749145508
82.40723609924316
79.37479019165039
75.73866844177246
76.26891136169434
80.92617988586426
80.59406280517578
88.08112144470215
80.12962341308594
83.17279815673828
74.6002197265625
89.44821357727051
76.94816589355469
82.72218704223633
79.19597625732422
90.58594703674316
99.39718246459961
81.69293403625488
79.32567596435547
80.16037940979004
92.1628475189209
71.00129127502441
69.53001022338867
71.21419906616211
86.02571487426758
89.11871910095215
91.65191650390625
75.28901100158691
98.18243980407715
84.2735767364502
74.28407669067383
83.56356620788574
76.02357864379883
91.47262573242188
84.95688438415527
80.04021644592285
82.5197696685791
77.09193229675293
81.8319320678711
82.81087875366211
75.91819763183594
77.07691192626953
74.19037818908691
95.0007438659668
78.65548133850098
81.64477348327637
74.6300220489502
87.41521835327148
88.34409713745117
79.56171035766602
82.07321166992188
62.34383583068848
81.01177215576172
74.23233985900879
69.49591636657715
87.70561218261719
74.04232025146484
85.68859100341797
89.3247127532959
92.17095375061035
86.87424659729004
76.65085792541504
87.58974075317383
87.83626556396484
78.33623886108398
74.56541061401367
77.17466354370117
86.37309074401855
72.77846336364746
68.36795806884766
93.16110610961914
88.34958076477051
85.99138259887695
83.2827091217041
87.9673957824707
76.07054710388184
88.29188346862793
86.6703987121582
66.80750846862793
87.85724639892578
91.76826477050781
81.92276954650879
82.0918083190918
83.23836326599121
80.35922050476074
79.56767082214355
71.52891159057617
84.26070213317871
82.30161666870117
74.8283863067627
73.36091995239258
84.54132080078125
76.81608200073242
77.83889770507812
77.94427871704102
76.55644416809082
77.98409461975098
87.00776100158691
80.15131950378418
90.75164794921875
80.16514778137207
76.66325569152832
90.51299095153809
87.26072311401367
79.36334609985352
76.06077194213867
101.61495208740234
85.53743362426758
90.9264087677002
73.01020622253418
76.41744613647461
79.39648628234863
79.03003692626953
87.57281303405762
85.55054664611816
91.43805503845215
73.34661483764648
80.06572723388672
78.04536819458008
76.98178291320801
76.00665092468262
81.85744285583496
83.24408531188965
76.40814781188965
85.23774147033691
74.24092292785645
79.26130294799805
85.29853820800781
92.89073944091797
90.90471267700195
84.00106430053711
86.8844985961914
84.70630645751953
86.05813980102539
94.21634674072266
87.10670471191406
89.97845649719238
87.49055862426758
81.46786689758301
79.75530624389648
79.498291015625
76.51948928833008
69.2605972290039
80.85489273071289
76.17783546447754
83.44435691833496
70.07670402526855
74.48625564575195
91.96805953979492
89.0200138092041
87.70585060119629
83.03189277648926
85.93320846557617
77.27909088134766
89.24674987792969
83.18257331848145
85.46638488769531
69.65208053588867
69.23913955688477
77.48818397521973
63.74812126159668
80.53255081176758
85.98613739013672
80.77478408813477
86.35783195495605
87.22662925720215
83.27937126159668
93.50919723510742
79.00714874267578
83.50396156311035
95.40581703186035
87.8446102142334
77.49032974243164
93.32799911499023
81.02273941040039
79.35333251953125
98.00434112548828
69.50950622558594
80.0318717956543
81.72893524169922
85.77775955200195
86.20500564575195
81.39801025390625
73.06957244873047
82.89217948913574
88.06276321411133
77.06165313720703
79.30135726928711
88.8054370880127
72.43156433105469
95.4899787902832
72.56698608398438
77.44932174682617
79.09679412841797
78.96947860717773
75.11520385742188
82.22556114196777
77.45933532714844
82.82828330993652
86.40003204345703
79.99682426452637
89.53118324279785
85.39175987243652
73.11654090881348
80.99937438964844
79.26797866821289
78.2020092010498
93.47820281982422
98.14572334289551
85.62040328979492
92.57817268371582
78.09877395629883
77.7585506439209
81.77876472473145
76.03812217712402
79.84256744384766
76.10654830932617
89.3239974975586
76.0796070098877
81.63809776306152
79.27775382995605
76.87258720397949
84.26427841186523
83.31418037414551
79.69808578491211
94.00391578674316
86.88163757324219
87.80145645141602
80.3976058959961
83.9083194732666
73.49538803100586
86.7619514465332
74.98383522033691
71.55919075012207
77.11553573608398
82.39293098449707
67.07310676574707
76.33852958679199
74.6457576751709
77.97622680664062
81.36343955993652
91.83382987976074
71.38323783874512
83.587646484375
73.59433174133301
67.37637519836426
88.18793296813965
82.51214027404785
75.6230354309082
87.48698234558105
78.60445976257324
77.42619514465332
79.21028137207031
77.85272598266602
85.89720726013184
91.70889854431152
95.04437446594238
74.80430603027344
81.97450637817383
66.9093132019043
76.89523696899414
82.67450332641602
85.50477027893066
88.70983123779297
70.88804244995117
82.55267143249512
81.88271522521973
91.8724536895752
68.48692893981934
84.97929573059082
71.86460494995117
88.58013153076172
83.24813842773438
71.09189033508301
80.60264587402344
74.86486434936523
82.21840858459473
81.91442489624023
72.69024848937988
86.07006072998047
84.82980728149414
85.79564094543457
88.96636962890625
88.70935440063477
76.73048973083496
79.47778701782227
76.07698440551758
101.01890563964844
70.42360305786133
81.55584335327148
89.5986557006836
85.28876304626465
88.71102333068848
84.08284187316895
82.14783668518066
88.09256553649902
65.76848030090332
81.5422534942627
80.9016227722168
71.94876670837402
73.32229614257812
75.18219947814941
70.25718688964844
77.46434211730957
86.58623695373535
87.68630027770996
88.28043937683105
80.20567893981934
71.23017311096191
70.74403762817383
60.38546562194824
82.98492431640625
79.73456382751465
76.15327835083008
58.7925910949707
74.64742660522461
81.55512809753418
78.95326614379883
71.70867919921875
74.9213695526123
85.29901504516602
83.76169204711914
83.53996276855469
81.13670349121094
82.35812187194824
82.73458480834961
81.35581016540527
86.1361026763916
80.83605766296387
82.17406272888184
87.4330997467041
85.84713935852051
85.13498306274414
67.82031059265137
75.93631744384766
92.67354011535645
72.95966148376465
86.82727813720703
74.92899894714355
82.27920532226562
75.74987411499023
83.63676071166992
76.86591148376465
84.73348617553711
84.28144454956055
75.34599304199219
85.43848991394043
78.0937671661377
73.65822792053223
86.02666854858398
83.24098587036133
82.6406478881836
65.826416015625
76.02643966674805
82.34238624572754
81.5742015838623
64.90349769592285
80.02471923828125
84.16509628295898
72.7536678314209
67.63076782226562
75.02150535583496
75.1485824584961
77.39448547363281
88.40465545654297
79.79965209960938
82.02219009399414
85.97064018249512
82.63945579528809
84.60235595703125
86.39240264892578
85.24584770202637
81.29692077636719
95.27039527893066
84.83266830444336
77.05855369567871
77.46601104736328
74.72348213195801
80.79361915588379
70.61195373535156
94.50697898864746
76.18427276611328
80.7640552520752
93.89233589172363
73.26149940490723
72.46613502502441
80.99603652954102
77.61430740356445
71.00725173950195
83.78815650939941
84.80286598205566
73.94242286682129
76.90715789794922
86.39693260192871
81.28762245178223
81.1471939086914
78.22537422180176
90.40427207946777
78.84573936462402
81.67290687561035
86.40623092651367
74.83172416687012
75.29497146606445
74.25260543823242
80.66725730895996
80.64675331115723
71.71940803527832
84.53965187072754
75.66285133361816
89.23745155334473
81.86221122741699
84.63692665100098
66.69020652770996
93.81580352783203
79.68688011169434
82.42630958557129
86.30704879760742
91.82119369506836
74.56731796264648
83.8921070098877
86.02786064147949
80.74474334716797
82.81564712524414
69.8859691619873
72.39437103271484
74.74255561828613
80.0473690032959
81.12406730651855
77.86679267883301
81.50911331176758
74.96428489685059
85.93177795410156
72.77297973632812
78.9337158203125
73.76861572265625
72.7686882019043
86.09843254089355
78.04131507873535
79.10370826721191
82.05413818359375
75.58369636535645
71.45237922668457
73.57287406921387
69.89002227783203
96.55332565307617
94.2387580871582
79.44464683532715
80.10673522949219
87.24594116210938
86.2421989440918
74.74184036254883
83.19425582885742
86.61365509033203
92.51046180725098
74.06759262084961
75.10209083557129
79.6959400177002
86.72428131103516
82.33141899108887
90.33799171447754
74.1426944732666
84.11645889282227
70.90926170349121
90.69442749023438
89.45727348327637
84.09261703491211
78.29761505126953
65.4289722442627
83.4648609161377
74.6762752532959
79.0092945098877
75.78134536743164
89.38145637512207
77.5747299194336
87.51058578491211
81.9101333618164
89.65730667114258
88.71746063232422
76.86114311218262
81.25448226928711
77.45647430419922
85.37626266479492
78.84860038757324
70.1303482055664
72.79562950134277
86.7609977722168
78.14812660217285
80.72495460510254
79.31971549987793
82.53741264343262
77.06236839294434
87.48054504394531
71.77376747131348
81.47454261779785
83.32157135009766
88.24324607849121
83.1151008605957
79.40506935119629
90.01612663269043
68.05109977722168
90.83795547485352
75.05559921264648
74.06044006347656
86.92121505737305
82.70692825317383
79.28919792175293
94.69389915466309
69.46873664855957
85.12330055236816
73.59981536865234
87.4025821685791
92.8189754486084
86.35807037353516
79.93268966674805
78.16123962402344
84.03706550598145
80.20925521850586
76.77865028381348
84.54728126525879
80.32989501953125
88.62566947937012
74.31244850158691
82.80229568481445
86.35449409484863
87.68224716186523
81.18677139282227
86.5168571472168
79.90527153015137
86.66062355041504
71.88081741333008
78.16553115844727
73.96221160888672
73.71735572814941
79.06126976013184
74.70083236694336
83.14061164855957
83.44602584838867
75.00720024108887
85.51192283630371
86.08531951904297
72.39460945129395
83.26458930969238
82.78393745422363
86.66086196899414
74.32675361633301
67.73734092712402
73.66442680358887
84.46335792541504
83.91356468200684
88.92250061035156
71.3202953338623
82.37767219543457
81.54582977294922
99.00379180908203
75.18458366394043
82.92269706726074
75.03199577331543
78.44877243041992
84.4576358795166
87.38589286804199
85.40010452270508
93.30272674560547
84.71083641052246
87.56208419799805
80.13629913330078
70.27602195739746
91.51053428649902
66.28012657165527
72.43585586547852
82.94892311096191
77.91590690612793
86.45081520080566
77.89349555969238
73.33588600158691
65.5832290649414
77.73709297180176
68.38417053222656
85.38317680358887
84.26356315612793
75.6065845489502
77.23283767700195
76.65538787841797
82.04388618469238
79.69951629638672
73.39191436767578
73.39024543762207
62.641143798828125
83.68945121765137
82.7641487121582
74.11408424377441
72.48926162719727
84.63048934936523
69.13447380065918
72.62420654296875
81.61282539367676
77.78120040893555
78.86886596679688
85.62064170837402
80.18970489501953
87.89515495300293
84.52606201171875
93.7495231628418
94.9103832244873
75.82545280456543
81.05611801147461
93.4607982635498
80.51109313964844
78.32050323486328
71.00272178649902
76.60436630249023
95.34764289855957
71.1972713470459
78.66525650024414
71.7475414276123
79.82134819030762
87.8305435180664
82.1232795715332
79.20980453491211
77.77166366577148
73.20022583007812
81.67076110839844
83.88161659240723
79.16855812072754
72.88384437561035
80.49201965332031
86.09724044799805
74.58949089050293
76.01642608642578
84.50198173522949
74.7373104095459
74.99194145202637
79.32257652282715
80.92617988586426
95.71075439453125
85.87861061096191
70.90306282043457
86.0438346862793
86.5933895111084
92.58079528808594
84.71250534057617
79.67162132263184
86.1048698425293
82.6263427734375
76.9810676574707
77.31294631958008
77.27527618408203
72.45564460754395
84.7768783569336
73.19450378417969
84.98525619506836
68.86839866638184
92.31734275817871
93.15943717956543
72.25728034973145
77.61859893798828
76.94101333618164
88.8221263885498
72.1445083618164
84.22088623046875
77.94547080993652
77.60000228881836
74.80120658874512
80.57022094726562
67.16203689575195
64.50748443603516
74.66936111450195
83.06455612182617
83.35685729980469
75.06227493286133
92.10395812988281
78.27615737915039
86.56597137451172
91.44735336303711
71.27833366394043
77.57759094238281
92.16713905334473
88.11259269714355
79.25963401794434
86.0300064086914
91.86077117919922
84.80191230773926
80.12247085571289
70.8925724029541
81.41469955444336
75.49357414245605
91.8586254119873
82.95202255249023
80.73687553405762
78.57465744018555
79.03170585632324
75.36864280700684
79.64801788330078
81.16436004638672
77.46410369873047
77.79264450073242
91.07017517089844
78.80663871765137
83.28509330749512
88.87815475463867
86.7769718170166
89.25962448120117
72.41106033325195
75.63304901123047
80.75213432312012
93.79887580871582
84.12575721740723
69.98443603515625
82.22365379333496
82.2606086730957
67.40808486938477
77.85391807556152
85.77108383178711
79.37431335449219
67.39449501037598
85.53433418273926
65.56367874145508
72.38960266113281
84.96809005737305
80.5208683013916
78.18293571472168
90.52371978759766
85.15191078186035
78.97257804870605
73.53544235229492
87.07022666931152
93.14227104187012
74.4333267211914
87.97740936279297
74.00178909301758
79.45585250854492
78.17649841308594
89.10274505615234
70.34134864807129
73.8973617553711
71.92373275756836
69.01288032531738
73.91929626464844
82.1526050567627
71.13313674926758
90.49820899963379
83.84895324707031
81.71582221984863
87.13197708129883
75.78372955322266
82.53788948059082
75.72579383850098
80.81626892089844
89.51568603515625
90.85416793823242
75.72078704833984
81.06875419616699
67.58475303649902
67.46172904968262
81.04228973388672
70.64342498779297
71.72250747680664
83.71472358703613
75.96850395202637
75.47426223754883
72.79634475708008
85.85572242736816
89.36119079589844
72.93915748596191
85.4036808013916
71.75779342651367
80.63387870788574
88.68622779846191
88.20605278015137
79.92839813232422
96.50349617004395
85.36100387573242
98.75369071960449
74.20063018798828
80.74665069580078
75.2112865447998
80.55329322814941
74.91946220397949
90.2712345123291
77.67701148986816
79.90527153015137
77.44336128234863
78.72414588928223
74.60212707519531
80.18279075622559
71.6254711151123
80.20305633544922
83.67657661437988
88.78850936889648
81.66623115539551
86.17424964904785
70.90425491333008
68.2380199432373
