70.21617889404297
64.31031227111816
72.77584075927734
68.00365447998047
74.55873489379883
79.4830322265625
67.60549545288086
69.46420669555664
65.74654579162598
71.72012329101562
75.24585723876953
69.40793991088867
64.35656547546387
55.88865280151367
74.01490211486816
72.54552841186523
82.04269409179688
68.94397735595703
77.0711898803711
85.23797988891602
66.73598289489746
58.912038803100586
65.20295143127441
69.93770599365234
68.06468963623047
78.72819900512695
65.87481498718262
63.553571701049805
60.132741928100586
68.0842399597168
79.24842834472656
73.07124137878418
71.4266300201416
73.84943962097168
68.85051727294922
74.47957992553711
82.95321464538574
75.85716247558594
65.84906578063965
73.32205772399902
70.25647163391113
71.44021987915039
72.1292495727539
78.73129844665527
53.553104400634766
80.82365989685059
68.41206550598145
72.07560539245605
78.28450202941895
68.68457794189453
61.011552810668945
78.69791984558105
65.54245948791504
65.18197059631348
71.26307487487793
66.25795364379883
68.91012191772461
56.987762451171875
69.67425346374512
66.32852554321289
66.71619415283203
64.15939331054688
72.28517532348633
73.71306419372559
73.72760772705078
67.26241111755371
60.81128120422363
71.57659530639648
69.39911842346191
72.73006439208984
62.85595893859863
75.35362243652344
61.71679496765137
73.98414611816406
64.61215019226074
82.36932754516602
70.29938697814941
62.43133544921875
76.26891136169434
67.23403930664062
72.91412353515625
71.73919677734375
72.61443138122559
61.23805046081543
64.12553787231445
74.7988224029541
74.96500015258789
73.7464427947998
71.3045597076416
79.16045188903809
72.22390174865723
82.02457427978516
71.5172290802002
69.1370964050293
57.361602783203125
66.96629524230957
69.87833976745605
74.20659065246582
64.37969207763672
64.46719169616699
74.77283477783203
65.80185890197754
85.07323265075684
46.973466873168945
71.16484642028809
79.06317710876465
84.50102806091309
70.64247131347656
54.60476875305176
66.73669815063477
64.90039825439453
75.77300071716309
64.4385814666748
72.67618179321289
76.16949081420898
69.56815719604492
69.20194625854492
68.97425651550293
65.41943550109863
72.67165184020996
82.20481872558594
76.62749290466309
76.14541053771973
67.03782081604004
70.57619094848633
67.55900382995605
69.13447380065918
69.66543197631836
72.42751121520996
66.86067581176758
80.7039737701416
78.37176322937012
78.93252372741699
66.19954109191895
63.538312911987305
61.225175857543945
87.72826194763184
72.24678993225098
82.34643936157227
75.4995346069336
69.04244422912598
83.9848518371582
73.44198226928711
72.19815254211426
68.2988166809082
64.49151039123535
60.53447723388672
61.968326568603516
69.29779052734375
86.27843856811523
66.52712821960449
74.98931884765625
77.8968334197998
62.536001205444336
68.63951683044434
60.3032112121582
51.0258674621582
72.97158241271973
64.21279907226562
73.31323623657227
66.51926040649414
63.172101974487305
63.165903091430664
64.27717208862305
69.05364990234375
80.26242256164551
70.16348838806152
77.87156105041504
73.75836372375488
66.16091728210449
85.46638488769531
67.98171997070312
83.91022682189941
76.83515548706055
74.33938980102539
76.04146003723145
68.59135627746582
68.72820854187012
86.14349365234375
62.60967254638672
69.83280181884766
73.58050346374512
74.73182678222656
65.66953659057617
59.755563735961914
73.53568077087402
69.07510757446289
64.66245651245117
82.10921287536621
64.47720527648926
74.32913780212402
78.04441452026367
70.9686279296875
75.78206062316895
61.52057647705078
73.20237159729004
78.82189750671387
72.3576545715332
71.40350341796875
71.45380973815918
68.60804557800293
62.53695487976074
65.56105613708496
56.27703666687012
56.961774826049805
66.83611869812012
75.11401176452637
68.95565986633301
72.73221015930176
72.46279716491699
79.52737808227539
62.99757957458496
73.2111930847168
85.01172065734863
65.58489799499512
72.51548767089844
65.60873985290527
75.63328742980957
84.26761627197266
68.76468658447266
74.50985908508301
68.31049919128418
74.14650917053223
62.91937828063965
62.09993362426758
71.32649421691895
60.418128967285156
74.89681243896484
65.14096260070801
71.58780097961426
60.240745544433594
72.27039337158203
67.71492958068848
67.75379180908203
67.72613525390625
76.96819305419922
73.27079772949219
78.16171646118164
74.31769371032715
66.44034385681152
62.21461296081543
67.59786605834961
65.08135795593262
83.35518836975098
55.24182319641113
73.49896430969238
64.68081474304199
70.21522521972656
74.26738739013672
75.43230056762695
69.19550895690918
62.78514862060547
51.83053016662598
71.60282135009766
67.89922714233398
71.6402530670166
76.07007026672363
72.86667823791504
75.10948181152344
70.80888748168945
76.9190788269043
75.55413246154785
63.52543830871582
68.6037540435791
66.6348934173584
73.35090637207031
71.98095321655273
65.10090827941895
80.7948112487793
61.81073188781738
76.39479637145996
75.06752014160156
80.54924011230469
73.58193397521973
79.40101623535156
48.876285552978516
71.62928581237793
69.66614723205566
63.94529342651367
73.55046272277832
71.59900665283203
62.64185905456543
74.80525970458984
78.05681228637695
63.73715400695801
73.24719429016113
73.9898681640625
72.2048282623291
84.3040943145752
80.22475242614746
83.1298828125
56.790828704833984
63.96651268005371
69.67353820800781
68.37725639343262
76.04289054870605
70.27435302734375
63.660621643066406
63.938140869140625
70.96529006958008
69.56648826599121
75.14572143554688
81.19964599609375
70.9695816040039
63.24410438537598
73.01092147827148
78.65524291992188
80.74688911437988
64.04590606689453
73.04930686950684
74.30744171142578
70.14775276184082
72.80492782592773
76.69210433959961
60.853004455566406
57.459115982055664
80.86252212524414
80.22141456604004
71.57373428344727
65.64593315124512
62.40272521972656
73.00829887390137
77.76045799255371
75.65093040466309
75.61922073364258
83.07051658630371
67.64912605285645
72.11875915527344
72.90887832641602
78.57608795166016
72.23010063171387
69.41366195678711
67.07167625427246
61.46979331970215
61.28191947937012
72.75128364562988
85.42251586914062
67.50106811523438
77.97694206237793
76.43556594848633
88.72294425964355
47.4090576171875
55.716753005981445
75.42610168457031
69.7939395904541
77.97622680664062
71.43688201904297
61.25330924987793
73.9750862121582
66.4219856262207
72.77846336364746
69.73767280578613
80.39450645446777
76.84683799743652
63.57312202453613
80.24740219116211
80.81388473510742
68.49098205566406
64.47434425354004
61.59830093383789
57.82437324523926
67.61312484741211
86.6396427154541
54.96335029602051
69.6713924407959
64.33343887329102
57.54542350769043
64.60976600646973
65.99688529968262
68.572998046875
70.14822959899902
65.50073623657227
62.7439022064209
56.4572811126709
67.65007972717285
78.18889617919922
79.6058177947998
73.10199737548828
64.64838981628418
65.24324417114258
72.80898094177246
72.4644660949707
66.6208267211914
64.47768211364746
71.37608528137207
88.53363990783691
77.21805572509766
63.031911849975586
75.80804824829102
93.2767391204834
76.84683799743652
66.83349609375
81.40444755554199
77.53300666809082
67.11578369140625
71.70224189758301
54.30197715759277
64.22972679138184
76.79343223571777
79.5438289642334
65.91558456420898
65.36340713500977
82.11946487426758
73.88758659362793
71.95711135864258
72.6461410522461
72.94750213623047
74.16152954101562
73.23336601257324
61.560869216918945
66.07317924499512
77.05211639404297
77.68034934997559
68.4504508972168
59.20100212097168
79.32829856872559
59.77034568786621
49.883127212524414
66.83492660522461
68.12691688537598
62.91532516479492
72.40152359008789
65.57393074035645
72.22747802734375
67.06571578979492
64.10551071166992
72.10159301757812
81.27021789550781
68.97234916687012
76.87568664550781
52.532196044921875
76.42531394958496
75.70266723632812
72.44277000427246
69.03696060180664
64.90659713745117
75.76537132263184
61.330318450927734
70.892333984375
69.90909576416016
66.00332260131836
62.01624870300293
69.10490989685059
59.89241600036621
65.08135795593262
85.39223670959473
72.30830192565918
70.06406784057617
74.38874244689941
71.22802734375
75.47545433044434
74.39088821411133
59.3724250793457
69.1995620727539
74.52011108398438
80.13224601745605
67.62337684631348
71.36821746826172
75.55866241455078
78.26662063598633
74.24521446228027
72.5252628326416
60.94217300415039
68.31550598144531
79.2076587677002
66.30158424377441
71.46596908569336
56.47563934326172
72.25871086120605
77.06665992736816
72.14713096618652
73.06265830993652
64.09764289855957
68.91441345214844
60.964107513427734
59.97872352600098
72.41272926330566
57.108163833618164
71.5939998626709
78.25660705566406
76.43556594848633
78.64570617675781
72.98946380615234
72.42059707641602
77.39806175231934
75.89554786682129
81.75134658813477
62.85500526428223
69.48351860046387
64.44144248962402
68.5873031616211
67.25668907165527
51.76138877868652
66.09344482421875
81.15458488464355
60.53328514099121
67.1243667602539
77.31437683105469
77.2087574005127
65.9024715423584
69.7622299194336
61.99145317077637
61.7520809173584
69.21672821044922
62.96873092651367
62.34622001647949
78.094482421875
67.46959686279297
72.2353458404541
76.92837715148926
81.84051513671875
56.673526763916016
61.84077262878418
64.84031677246094
76.0800838470459
78.76992225646973
69.51069831848145
79.52880859375
76.05719566345215
65.43517112731934
72.16429710388184
58.47978591918945
78.99880409240723
80.57236671447754
72.02863693237305
77.70395278930664
67.85321235656738
73.46820831298828
79.26106452941895
66.79415702819824
73.64010810852051
61.74445152282715
72.60370254516602
77.93927192687988
73.58813285827637
73.13036918640137
75.91104507446289
60.620784759521484
71.04778289794922
62.41631507873535
80.61480522155762
71.7470645904541
64.05353546142578
64.80002403259277
65.69123268127441
71.89369201660156
73.60410690307617
69.75007057189941
72.22366333007812
71.60210609436035
75.81830024719238
74.45406913757324
72.1750259399414
71.99239730834961
62.62612342834473
62.29043006896973
76.5845775604248
77.26907730102539
75.18219947814941
69.26298141479492
63.704490661621094
65.56081771850586
63.95673751831055
75.61063766479492
65.37246704101562
81.23469352722168
62.77799606323242
59.82255935668945
71.95305824279785
81.72202110290527
64.80121612548828
57.866573333740234
83.5869312286377
73.13895225524902
65.4149055480957
86.7455005645752
71.34270668029785
68.41874122619629
62.92462348937988
64.05878067016602
62.46376037597656
79.11539077758789
73.29988479614258
72.64304161071777
65.08350372314453
63.857078552246094
58.92062187194824
69.99588012695312
50.53138732910156
62.49833106994629
81.59685134887695
64.2549991607666
68.47524642944336
76.52115821838379
72.10016250610352
81.29620552062988
67.97099113464355
69.40054893493652
75.31189918518066
63.78531455993652
85.30092239379883
59.61728096008301
81.06136322021484
72.05772399902344
76.93672180175781
85.97469329833984
77.56638526916504
71.00105285644531
67.12126731872559
59.28373336791992
70.53256034851074
66.29753112792969
69.1385269165039
71.60711288452148
73.28367233276367
74.49531555175781
79.75363731384277
75.70576667785645
61.66648864746094
77.39472389221191
79.09297943115234
78.76253128051758
87.09931373596191
74.99194145202637
71.24781608581543
65.86742401123047
70.35565376281738
72.69668579101562
69.88191604614258
70.36209106445312
75.76751708984375
69.8401927947998
67.93665885925293
71.82049751281738
75.34480094909668
68.8173770904541
69.81492042541504
64.30387496948242
74.8281478881836
76.61962509155273
64.55516815185547
63.298702239990234
80.68609237670898
69.65279579162598
79.42795753479004
77.94523239135742
77.40283012390137
71.71821594238281
67.22879409790039
68.82882118225098
76.68614387512207
58.31027030944824
66.14398956298828
80.21712303161621
56.04910850524902
60.24527549743652
76.15518569946289
76.04575157165527
79.09178733825684
68.14169883728027
76.63679122924805
75.61612129211426
80.38163185119629
82.72337913513184
78.87125015258789
64.31102752685547
70.10245323181152
73.9290714263916
74.16009902954102
59.82780456542969
70.18852233886719
69.64349746704102
74.68867301940918
64.99242782592773
67.87896156311035
70.9676742553711
75.34384727478027
75.99425315856934
77.34346389770508
72.22938537597656
69.73481178283691
60.33158302307129
70.63674926757812
67.12746620178223
78.41610908508301
80.24334907531738
83.91094207763672
76.25412940979004
70.05906105041504
59.45706367492676
86.77339553833008
65.86384773254395
57.91592597961426
73.27055931091309
76.47037506103516
60.49776077270508
71.90132141113281
61.711788177490234
73.03857803344727
69.92435455322266
70.96481323242188
67.30031967163086
69.43345069885254
74.55158233642578
72.75772094726562
67.51370429992676
67.88992881774902
72.09277153015137
71.73657417297363
76.65395736694336
71.49791717529297
75.8352279663086
79.03766632080078
76.08914375305176
75.02913475036621
71.80166244506836
85.0214958190918
61.19370460510254
63.90047073364258
64.68820571899414
69.47445869445801
74.75447654724121
73.5471248626709
66.16759300231934
75.37007331848145
72.85332679748535
76.96318626403809
77.38709449768066
64.86368179321289
76.37643814086914
71.29406929016113
74.27430152893066
74.16009902954102
65.80066680908203
67.07024574279785
69.62203979492188
73.53615760803223
70.3575611114502
78.60636711120605
68.82762908935547
65.38915634155273
64.04924392700195
79.49638366699219
66.05339050292969
79.73003387451172
62.80374526977539
80.2927017211914
81.02822303771973
69.40007209777832
67.47269630432129
69.69690322875977
65.887451171875
67.77358055114746
83.03451538085938
58.429718017578125
65.28639793395996
65.43803215026855
71.23899459838867
77.63266563415527
62.91913986206055
83.07862281799316
69.75364685058594
81.85791969299316
66.1008358001709
67.53325462341309
72.85165786743164
58.57682228088379
66.25223159790039
70.53899765014648
78.40275764465332
74.85270500183105
70.95456123352051
63.74239921569824
68.38393211364746
71.92826271057129
72.38268852233887
68.82071495056152
60.441017150878906
61.37895584106445
84.90705490112305
62.16692924499512
71.69437408447266
79.94604110717773
75.51836967468262
63.84563446044922
77.06761360168457
68.81451606750488
91.23110771179199
62.06035614013672
73.52447509765625
73.81415367126465
64.70489501953125
60.749053955078125
64.89753723144531
83.00542831420898
71.16365432739258
64.84079360961914
75.98304748535156
60.29033660888672
61.667680740356445
86.68279647827148
74.55611228942871
74.76329803466797
69.79608535766602
67.12985038757324
80.12199401855469
51.77187919616699
60.764312744140625
58.47024917602539
61.7673397064209
84.5651626586914
79.8196792602539
73.16994667053223
80.07407188415527
84.86318588256836
69.09894943237305
73.87685775756836
78.77731323242188
60.20855903625488
65.74368476867676
60.73904037475586
75.58107376098633
69.65398788452148
62.84928321838379
53.8792610168457
76.03621482849121
75.38056373596191
67.97170639038086
80.11674880981445
77.77023315429688
59.59296226501465
73.09603691101074
78.37367057800293
58.36343765258789
82.02028274536133
73.6243724822998
71.73967361450195
79.66017723083496
60.71662902832031
73.53520393371582
57.5404167175293
72.26133346557617
78.29999923706055
65.7351016998291
73.71973991394043
69.65517997741699
64.70394134521484
66.6513442993164
71.62761688232422
64.80860710144043
69.84138488769531
77.70609855651855
78.26447486877441
74.42975044250488
69.5643424987793
65.64998626708984
66.07317924499512
58.51316452026367
65.98091125488281
82.58390426635742
76.28512382507324
78.87029647827148
67.54350662231445
58.06756019592285
67.17729568481445
62.61849403381348
73.26841354370117
79.92887496948242
62.34550476074219
81.46905899047852
65.30070304870605
74.72944259643555
74.93305206298828
75.41680335998535
86.74073219299316
75.38509368896484
74.74398612976074
87.21423149108887
68.79520416259766
74.08285140991211
67.66676902770996
69.57149505615234
82.60321617126465
65.08159637451172
68.00985336303711
68.2835578918457
75.48880577087402
67.48390197753906
72.09610939025879
73.87185096740723
51.01418495178223
70.95837593078613
60.84918975830078
78.57131958007812
75.99949836730957
67.01517105102539
69.2138671875
74.45740699768066
66.6804313659668
75.86550712585449
80.14154434204102
78.49001884460449
60.23883819580078
62.213897705078125
63.864946365356445
80.15155792236328
74.80430603027344
79.2698860168457
67.87800788879395
82.43536949157715
73.81129264831543
67.78597831726074
72.38960266113281
62.00051307678223
77.84795761108398
61.04230880737305
73.19331169128418
85.98017692565918
73.85826110839844
55.56797981262207
72.4492073059082
60.64581871032715
78.1865119934082
69.6263313293457
73.10342788696289
75.39939880371094
73.97198677062988
75.41108131408691
75.43587684631348
78.64713668823242
76.60102844238281
76.41983032226562
71.39372825622559
74.39875602722168
78.94253730773926
58.76898765563965
68.45831871032715
77.78310775756836
75.3180980682373
75.87003707885742
66.11394882202148
74.53703880310059
83.14061164855957
60.52827835083008
66.58768653869629
68.41850280761719
67.41857528686523
65.10543823242188
75.03223419189453
63.562631607055664
75.98614692687988
70.11866569519043
87.46790885925293
74.54586029052734
80.01184463500977
52.70791053771973
74.17821884155273
64.97979164123535
74.17106628417969
80.55639266967773
77.01754570007324
66.21384620666504
66.06221199035645
73.73666763305664
67.94452667236328
63.91024589538574
68.96758079528809
78.42135429382324
60.57143211364746
80.23333549499512
75.35338401794434
77.26836204528809
72.55053520202637
68.73774528503418
79.59461212158203
70.74475288391113
70.73640823364258
65.56272506713867
73.54044914245605
60.12535095214844
70.53923606872559
72.79849052429199
70.53923606872559
75.53982734680176
75.5918025970459
89.4312858581543
89.63704109191895
61.39063835144043
81.3896656036377
78.01365852355957
68.05539131164551
64.02158737182617
74.05233383178711
68.59302520751953
73.06504249572754
67.11292266845703
74.86271858215332
80.50370216369629
71.14076614379883
79.00047302246094
